

FINAL STREAMFUNCTION - in row major format (rows divided by a blank line)

           0           0           0           0           0           0           0           0           0           0           0           0           0           0           0           0           0           0           0           0           0           0           0           0           0           0           0           0           0           0           0           0           0           0           0           0           0           0           0

           0   2.804e-06    4.32e-06   1.757e-06  -5.578e-06  -1.743e-05  -3.316e-05  -5.193e-05  -7.288e-05  -9.515e-05  -0.0001179  -0.0001404   -0.000162  -0.0001819  -0.0001997  -0.0002149  -0.0002271  -0.0002361  -0.0002415  -0.0002433  -0.0002415  -0.0002361  -0.0002271  -0.0002149  -0.0001997  -0.0001819   -0.000162  -0.0001404  -0.0001179  -9.516e-05  -7.289e-05  -5.194e-05  -3.316e-05  -1.744e-05   -5.58e-06   1.757e-06    4.32e-06   2.805e-06           0

           0   4.396e-06   2.105e-06  -1.366e-05  -4.489e-05    -9.1e-05  -0.0001501  -0.0002195  -0.0002964  -0.0003779   -0.000461  -0.0005431  -0.0006217  -0.0006944  -0.0007594  -0.0008149  -0.0008595  -0.0008922  -0.0009121  -0.0009188  -0.0009121  -0.0008922  -0.0008596   -0.000815  -0.0007595  -0.0006945  -0.0006217  -0.0005432  -0.0004611  -0.0003779  -0.0002964  -0.0002195  -0.0001501  -9.102e-05   -4.49e-05  -1.367e-05   2.103e-06   4.396e-06           0

           0   2.065e-06  -1.328e-05  -5.606e-05  -0.0001293  -0.0002317  -0.0003597  -0.0005082  -0.0006716   -0.000844    -0.00102   -0.001193   -0.001358   -0.001511   -0.001648   -0.001765   -0.001859   -0.001928    -0.00197   -0.001984    -0.00197   -0.001928   -0.001859   -0.001765   -0.001648   -0.001512   -0.001358   -0.001193    -0.00102  -0.0008441  -0.0006717  -0.0005083  -0.0003597  -0.0002317  -0.0001293  -5.608e-05  -1.329e-05   2.064e-06           0

           0  -4.935e-06  -4.415e-05  -0.0001293  -0.0002634  -0.0004441  -0.0006655  -0.0009195   -0.001197   -0.001489   -0.001785   -0.002076   -0.002355   -0.002612   -0.002842   -0.003038   -0.003196   -0.003312   -0.003382   -0.003406   -0.003382   -0.003312   -0.003196   -0.003039   -0.002842   -0.002612   -0.002355   -0.002076   -0.001785   -0.001489   -0.001197  -0.0009196  -0.0006656  -0.0004442  -0.0002635  -0.0001293  -4.416e-05  -4.937e-06           0

           0  -1.658e-05  -9.081e-05  -0.0002341  -0.0004484  -0.0007293   -0.001068   -0.001452    -0.00187   -0.002307   -0.002749   -0.003184   -0.003598   -0.003981   -0.004323   -0.004614   -0.004849    -0.00502   -0.005124    -0.00516   -0.005125    -0.00502   -0.004849   -0.004615   -0.004323   -0.003982   -0.003599   -0.003184   -0.002749   -0.002307    -0.00187   -0.001453   -0.001068  -0.0007294  -0.0004485  -0.0002341  -9.083e-05  -1.658e-05           0

           0   -3.26e-05  -0.0001528    -0.00037  -0.0006838   -0.001086   -0.001565   -0.002105   -0.002687   -0.003294   -0.003907   -0.004507   -0.005079   -0.005607   -0.006077   -0.006478     -0.0068   -0.007036   -0.007179   -0.007227   -0.007179   -0.007036     -0.0068   -0.006478   -0.006077   -0.005607   -0.005079   -0.004508   -0.003907   -0.003294   -0.002688   -0.002105   -0.001566   -0.001087  -0.0006839  -0.0003701  -0.0001528   -3.26e-05           0

           0   -5.27e-05  -0.0002294   -0.000536  -0.0009682   -0.001514   -0.002157   -0.002875   -0.003646   -0.004447   -0.005252    -0.00604    -0.00679    -0.00748   -0.008095   -0.008618   -0.009039   -0.009346   -0.009533   -0.009596   -0.009533   -0.009346   -0.009039   -0.008619   -0.008095   -0.007481    -0.00679   -0.006041   -0.005253   -0.004447   -0.003647   -0.002876   -0.002157   -0.001514  -0.0009683  -0.0005361  -0.0002295  -5.271e-05           0

           0  -7.666e-05  -0.0003201  -0.0007311   -0.001301   -0.002011    -0.00284   -0.003761   -0.004745   -0.005762   -0.006783   -0.007779   -0.008725   -0.009595    -0.01037    -0.01103    -0.01156    -0.01194    -0.01218    -0.01226    -0.01218    -0.01194    -0.01156    -0.01103    -0.01037   -0.009596   -0.008726    -0.00778   -0.006784   -0.005763   -0.004745   -0.003762   -0.002841   -0.002011   -0.001301  -0.0007312  -0.0003201  -7.667e-05           0

           0  -0.0001043  -0.0004244  -0.0009548    -0.00168   -0.002577   -0.003615   -0.004762   -0.005982   -0.007239   -0.008497   -0.009722    -0.01088    -0.01195     -0.0129     -0.0137    -0.01435    -0.01482    -0.01511     -0.0152    -0.01511    -0.01482    -0.01435     -0.0137     -0.0129    -0.01195    -0.01088   -0.009723   -0.008498   -0.007239   -0.005983   -0.004762   -0.003615   -0.002577    -0.00168   -0.000955  -0.0004244  -0.0001043           0

           0  -0.0001356  -0.0005421   -0.001207   -0.002107    -0.00321   -0.004481   -0.005877   -0.007357   -0.008876    -0.01039    -0.01187    -0.01326    -0.01454    -0.01567    -0.01664    -0.01741    -0.01797    -0.01831    -0.01843    -0.01831    -0.01797    -0.01741    -0.01664    -0.01567    -0.01454    -0.01326    -0.01187    -0.01039   -0.008877   -0.007358   -0.005878   -0.004481   -0.003211   -0.002107   -0.001207  -0.0005422  -0.0001356           0

           0  -0.0001705  -0.0006733   -0.001487    -0.00258   -0.003913   -0.005438   -0.007108   -0.008871    -0.01068    -0.01247    -0.01421    -0.01586    -0.01736     -0.0187    -0.01983    -0.02073    -0.02139     -0.0218    -0.02193     -0.0218     -0.0214    -0.02073    -0.01983     -0.0187    -0.01736    -0.01586    -0.01421    -0.01247    -0.01068   -0.008872   -0.007109   -0.005439   -0.003913   -0.002581   -0.001487  -0.0006734  -0.0001705           0

           0  -0.0002091  -0.0008184   -0.001797   -0.003102   -0.004685   -0.006489   -0.008456    -0.01053    -0.01264    -0.01473    -0.01676    -0.01867    -0.02042    -0.02197    -0.02328    -0.02432    -0.02509    -0.02555    -0.02571    -0.02555    -0.02509    -0.02433    -0.02328    -0.02197    -0.02042    -0.01868    -0.01676    -0.01474    -0.01264    -0.01053   -0.008457    -0.00649   -0.004685   -0.003102   -0.001797  -0.0008185  -0.0002091           0

           0  -0.0002516  -0.0009776   -0.002136   -0.003673   -0.005529   -0.007635   -0.009923    -0.01232    -0.01476    -0.01718    -0.01952    -0.02171    -0.02371    -0.02548    -0.02698    -0.02818    -0.02905    -0.02958    -0.02975    -0.02958    -0.02905    -0.02818    -0.02698    -0.02548    -0.02371    -0.02171    -0.01952    -0.01718    -0.01476    -0.01232   -0.009923   -0.007636   -0.005529   -0.003674   -0.002136  -0.0009778  -0.0002516           0

           0  -0.0002981   -0.001152   -0.002506   -0.004296   -0.006446   -0.008879    -0.01151    -0.01426    -0.01706    -0.01982    -0.02247    -0.02496    -0.02723    -0.02924    -0.03093    -0.03228    -0.03326    -0.03386    -0.03406    -0.03386    -0.03326    -0.03228    -0.03093    -0.02924    -0.02724    -0.02497    -0.02247    -0.01982    -0.01706    -0.01426    -0.01151   -0.008879   -0.006447   -0.004296   -0.002507   -0.001152  -0.0002981           0

           0  -0.0003489   -0.001342    -0.00291   -0.004972   -0.007441    -0.01022    -0.01322    -0.01635    -0.01952    -0.02264    -0.02563    -0.02843    -0.03098    -0.03323    -0.03512    -0.03663    -0.03773     -0.0384    -0.03862     -0.0384    -0.03773    -0.03663    -0.03512    -0.03323    -0.03098    -0.02843    -0.02563    -0.02264    -0.01952    -0.01635    -0.01323    -0.01022   -0.007442   -0.004973    -0.00291   -0.001342  -0.0003489           0

           0  -0.0004043   -0.001548   -0.003348   -0.005705   -0.008516    -0.01167    -0.01507    -0.01859    -0.02215    -0.02564    -0.02899    -0.03211    -0.03495    -0.03744    -0.03954    -0.04121    -0.04243    -0.04316    -0.04341    -0.04316    -0.04243    -0.04121    -0.03954    -0.03744    -0.03495    -0.03211    -0.02899    -0.02564    -0.02215    -0.01859    -0.01507    -0.01167   -0.008516   -0.005705   -0.003348   -0.001549  -0.0004044           0

           0  -0.0004648   -0.001773   -0.003822   -0.006496   -0.009674    -0.01323    -0.01704    -0.02098    -0.02494    -0.02883    -0.03254    -0.03599    -0.03912    -0.04186    -0.04417    -0.04601    -0.04734    -0.04815    -0.04842    -0.04815    -0.04734    -0.04601    -0.04417    -0.04187    -0.03912    -0.03599    -0.03254    -0.02883    -0.02495    -0.02098    -0.01704    -0.01323   -0.009674   -0.006497   -0.003822   -0.001773  -0.0004648           0

           0  -0.0005306   -0.002017   -0.004336   -0.007351    -0.01092     -0.0149    -0.01914    -0.02352    -0.02791    -0.03219    -0.03627    -0.04006    -0.04348    -0.04648    -0.04899    -0.05099    -0.05244    -0.05331    -0.05361    -0.05331    -0.05244    -0.05099    -0.04899    -0.04648    -0.04348    -0.04006    -0.03627    -0.03219    -0.02791    -0.02352    -0.01914     -0.0149    -0.01092   -0.007351   -0.004336   -0.002017  -0.0005307           0

           0  -0.0006024   -0.002282   -0.004892   -0.008271    -0.01225    -0.01668    -0.02138    -0.02621    -0.03103    -0.03572    -0.04018     -0.0443    -0.04801    -0.05125    -0.05397    -0.05612    -0.05768    -0.05862    -0.05894    -0.05862    -0.05768    -0.05612    -0.05397    -0.05125    -0.04801     -0.0443    -0.04018    -0.03572    -0.03103    -0.02621    -0.02138    -0.01668    -0.01226   -0.008272   -0.004892   -0.002282  -0.0006025           0

           0  -0.0006808    -0.00257   -0.005493   -0.009262    -0.01369    -0.01858    -0.02375    -0.02905    -0.03431    -0.03941    -0.04423    -0.04868    -0.05267    -0.05615    -0.05906    -0.06136    -0.06302    -0.06402    -0.06436    -0.06402    -0.06302    -0.06136    -0.05906    -0.05615    -0.05267    -0.04868    -0.04423    -0.03941    -0.03431    -0.02905    -0.02375    -0.01858    -0.01369   -0.009263   -0.005493    -0.00257  -0.0006808           0

           0  -0.0007665   -0.002883   -0.006143    -0.01033    -0.01522    -0.02059    -0.02626    -0.03202    -0.03772    -0.04322     -0.0484    -0.05316    -0.05742    -0.06112     -0.0642    -0.06664    -0.06839    -0.06945    -0.06981    -0.06945    -0.06839    -0.06664     -0.0642    -0.06112    -0.05742    -0.05316    -0.04841    -0.04323    -0.03773    -0.03202    -0.02626    -0.02059    -0.01522    -0.01033   -0.006144   -0.002883  -0.0007666           0

           0  -0.0008605   -0.003224   -0.006848    -0.01148    -0.01685    -0.02273    -0.02889    -0.03512    -0.04126    -0.04715    -0.05266    -0.05771    -0.06221     -0.0661    -0.06934    -0.07188    -0.07372    -0.07483     -0.0752    -0.07483    -0.07372    -0.07188    -0.06934     -0.0661    -0.06221    -0.05771    -0.05266    -0.04715    -0.04126    -0.03513    -0.02889    -0.02273    -0.01685    -0.01148   -0.006848   -0.003224  -0.0008605           0

           0   -0.000964   -0.003597   -0.007611    -0.01271    -0.01859    -0.02499    -0.03164    -0.03834    -0.04489    -0.05113    -0.05695    -0.06225    -0.06696    -0.07101    -0.07437    -0.07701     -0.0789    -0.08005    -0.08043    -0.08005     -0.0789    -0.07701    -0.07437    -0.07101    -0.06696    -0.06225    -0.05695    -0.05113    -0.04489    -0.03834    -0.03165    -0.02499    -0.01859    -0.01271   -0.007612   -0.003597   -0.000964           0

           0   -0.001079   -0.004006   -0.008441    -0.01404    -0.02045    -0.02736    -0.03451    -0.04164    -0.04857    -0.05513    -0.06121    -0.06671    -0.07158    -0.07575    -0.07919    -0.08189    -0.08382    -0.08499    -0.08538    -0.08499    -0.08382    -0.08189    -0.07919    -0.07575    -0.07158    -0.06672    -0.06121    -0.05513    -0.04857    -0.04164    -0.03451    -0.02737    -0.02045    -0.01404   -0.008442   -0.004006   -0.001079           0

           0   -0.001206   -0.004456   -0.009346    -0.01546    -0.02242    -0.02985    -0.03746    -0.04499    -0.05225    -0.05907    -0.06535      -0.071    -0.07596    -0.08019    -0.08368     -0.0864    -0.08834    -0.08951     -0.0899    -0.08951    -0.08834     -0.0864    -0.08368    -0.08019    -0.07596      -0.071    -0.06535    -0.05907    -0.05225    -0.04499    -0.03746    -0.02985    -0.02242    -0.01546   -0.009346   -0.004457   -0.001206           0

           0    -0.00135   -0.004957    -0.01034      -0.017     -0.0245    -0.03243    -0.04047    -0.04835    -0.05587    -0.06287    -0.06927    -0.07498    -0.07996     -0.0842    -0.08766    -0.09036    -0.09229    -0.09344    -0.09383    -0.09344    -0.09229    -0.09036    -0.08766     -0.0842    -0.07996    -0.07498    -0.06927    -0.06287    -0.05587    -0.04835    -0.04047    -0.03243     -0.0245      -0.017    -0.01034   -0.004957    -0.00135           0

           0   -0.001514   -0.005517    -0.01142    -0.01866     -0.0267    -0.03509     -0.0435    -0.05164    -0.05932    -0.06641    -0.07282     -0.0785    -0.08342    -0.08758    -0.09097     -0.0936    -0.09547    -0.09658    -0.09696    -0.09659    -0.09547     -0.0936    -0.09097    -0.08758    -0.08342     -0.0785    -0.07282    -0.06641    -0.05932    -0.05164     -0.0435     -0.0351     -0.0267    -0.01866    -0.01142   -0.005517   -0.001514           0

           0   -0.001704   -0.006152    -0.01263    -0.02044      -0.029     -0.0378    -0.04647    -0.05476    -0.06248    -0.06953    -0.07583    -0.08137    -0.08614    -0.09013    -0.09338    -0.09588    -0.09765    -0.09871    -0.09907    -0.09871    -0.09765    -0.09588    -0.09338    -0.09013    -0.08614    -0.08137    -0.07583    -0.06953    -0.06248    -0.05476    -0.04647     -0.0378      -0.029    -0.02044    -0.01263   -0.006152   -0.001704           0

           0   -0.001928    -0.00688    -0.01397    -0.02236    -0.03137    -0.04048    -0.04929    -0.05758    -0.06519    -0.07204     -0.0781    -0.08337    -0.08787    -0.09161    -0.09463    -0.09696     -0.0986    -0.09958     -0.0999    -0.09958     -0.0986    -0.09696    -0.09463    -0.09161    -0.08787    -0.08337     -0.0781    -0.07204    -0.06519    -0.05758    -0.04929    -0.04048    -0.03137    -0.02236    -0.01397    -0.00688   -0.001928           0

           0     -0.0022   -0.007728    -0.01546    -0.02441    -0.03378    -0.04303    -0.05181     -0.0599     -0.0672    -0.07368    -0.07934    -0.08421    -0.08833    -0.09173    -0.09446    -0.09655    -0.09802    -0.09889    -0.09918    -0.09889    -0.09802    -0.09655    -0.09446    -0.09173    -0.08833    -0.08421    -0.07934    -0.07368     -0.0672     -0.0599    -0.05181    -0.04303    -0.03378    -0.02441    -0.01546   -0.007728     -0.0022           0

           0    -0.00254   -0.008731    -0.01713    -0.02655    -0.03612     -0.0453    -0.05379    -0.06145    -0.06822    -0.07414    -0.07923    -0.08356    -0.08719    -0.09017    -0.09254    -0.09434    -0.09561    -0.09636    -0.09661    -0.09636    -0.09561    -0.09434    -0.09254    -0.09017    -0.08719    -0.08356    -0.07923    -0.07414    -0.06822    -0.06145    -0.05379     -0.0453    -0.03612    -0.02655    -0.01713   -0.008731    -0.00254           0

           0    -0.00298   -0.009933    -0.01897    -0.02869     -0.0382    -0.04701    -0.05491    -0.06185    -0.06785      -0.073    -0.07737    -0.08105    -0.08409    -0.08656    -0.08852    -0.09001    -0.09105    -0.09166    -0.09187    -0.09166    -0.09105    -0.09001    -0.08852    -0.08656    -0.08409    -0.08105    -0.07738      -0.073    -0.06786    -0.06185    -0.05491    -0.04701     -0.0382    -0.02869    -0.01897   -0.009933    -0.00298           0

           0   -0.003574    -0.01138    -0.02093    -0.03065    -0.03969    -0.04772    -0.05466    -0.06058    -0.06559    -0.06979     -0.0733    -0.07622    -0.07861    -0.08054    -0.08205     -0.0832    -0.08399    -0.08447    -0.08462    -0.08447    -0.08399     -0.0832    -0.08205    -0.08054    -0.07861    -0.07622     -0.0733    -0.06979    -0.06559    -0.06058    -0.05466    -0.04772    -0.03969    -0.03065    -0.02093    -0.01138   -0.003574           0

           0     -0.0044    -0.01306     -0.0228    -0.03198    -0.03999    -0.04675    -0.05235    -0.05697    -0.06078    -0.06391    -0.06649    -0.06859     -0.0703    -0.07167    -0.07274    -0.07355    -0.07411    -0.07444    -0.07455    -0.07444    -0.07411    -0.07355    -0.07274    -0.07167     -0.0703    -0.06859    -0.06649    -0.06391    -0.06078    -0.05697    -0.05235    -0.04675    -0.03999    -0.03198     -0.0228    -0.01306     -0.0044           0

           0   -0.005543    -0.01481    -0.02399    -0.03181     -0.0381    -0.04309    -0.04703    -0.05016    -0.05267     -0.0547    -0.05633    -0.05766    -0.05872    -0.05957    -0.06022    -0.06071    -0.06105    -0.06126    -0.06132    -0.06126    -0.06105    -0.06071    -0.06022    -0.05957    -0.05872    -0.05766    -0.05633     -0.0547    -0.05267    -0.05016    -0.04703    -0.04309     -0.0381    -0.03181    -0.02399    -0.01481   -0.005543           0

           0    -0.00691    -0.01578    -0.02309     -0.0285    -0.03243    -0.03531    -0.03747    -0.03912    -0.04041    -0.04143    -0.04224    -0.04289    -0.04341    -0.04381    -0.04413    -0.04436    -0.04453    -0.04462    -0.04465    -0.04462    -0.04453    -0.04436    -0.04413    -0.04381    -0.04341    -0.04289    -0.04224    -0.04143    -0.04041    -0.03912    -0.03747    -0.03531    -0.03243     -0.0285    -0.02309    -0.01578    -0.00691           0

           0   -0.007279    -0.01329    -0.01701    -0.01925    -0.02066     -0.0216    -0.02226    -0.02275    -0.02312     -0.0234    -0.02363    -0.02381    -0.02395    -0.02406    -0.02414    -0.02421    -0.02425    -0.02428    -0.02428    -0.02428    -0.02425    -0.02421    -0.02414    -0.02406    -0.02395    -0.02381    -0.02363     -0.0234    -0.02312    -0.02275    -0.02226     -0.0216    -0.02066    -0.01925    -0.01701    -0.01329   -0.007279           0

           0           0           0           0           0           0           0           0           0           0           0           0           0           0           0           0           0           0           0           0           0           0           0           0           0           0           0           0           0           0           0           0           0           0           0           0           0           0           0

