

FINAL STREAMFUNCTION - in row major format (rows divided by a blank line)

           0           0           0           0           0           0           0           0           0           0           0           0           0           0           0           0           0           0           0           0           0           0           0           0           0           0           0           0           0           0           0           0           0           0           0           0           0           0           0

           0  -1.263e-07   -4.76e-06   -1.32e-05  -2.394e-05  -3.571e-05  -4.772e-05   -5.95e-05  -7.078e-05  -8.142e-05   -9.13e-05  -0.0001004  -0.0001085  -0.0001157  -0.0001219   -0.000127   -0.000131  -0.0001339  -0.0001357  -0.0001363  -0.0001357  -0.0001339  -0.0001311   -0.000127  -0.0001219  -0.0001157  -0.0001085  -0.0001004  -9.132e-05  -8.143e-05   -7.08e-05  -5.952e-05  -4.774e-05  -3.573e-05  -2.395e-05  -1.321e-05  -4.757e-06  -1.236e-07           0

           0  -4.735e-06  -2.307e-05  -5.235e-05  -8.849e-05  -0.0001279  -0.0001683  -0.0002079   -0.000246   -0.000282  -0.0003155  -0.0003462  -0.0003738  -0.0003982  -0.0004192  -0.0004365  -0.0004501    -0.00046  -0.0004659  -0.0004678  -0.0004659    -0.00046  -0.0004502  -0.0004365  -0.0004192  -0.0003982  -0.0003739  -0.0003462  -0.0003156  -0.0002821  -0.0002461   -0.000208  -0.0001683   -0.000128  -8.853e-05  -5.238e-05  -2.307e-05  -4.731e-06           0

           0   -1.32e-05  -5.256e-05  -0.0001118  -0.0001834  -0.0002611  -0.0003405  -0.0004186  -0.0004937  -0.0005648  -0.0006309  -0.0006915   -0.000746  -0.0007942  -0.0008356  -0.0008699  -0.0008968  -0.0009161  -0.0009278  -0.0009317  -0.0009278  -0.0009162  -0.0008968  -0.0008699  -0.0008357  -0.0007943  -0.0007462  -0.0006916   -0.000631  -0.0005649  -0.0004939  -0.0004188  -0.0003406  -0.0002613  -0.0001835  -0.0001118  -5.258e-05   -1.32e-05           0

           0  -2.416e-05  -8.968e-05  -0.0001852  -0.0002991  -0.0004221  -0.0005474  -0.0006708  -0.0007896  -0.0009018   -0.001006   -0.001102   -0.001188   -0.001264    -0.00133   -0.001384   -0.001427   -0.001457   -0.001476   -0.001482   -0.001476   -0.001457   -0.001427   -0.001384    -0.00133   -0.001265   -0.001189   -0.001102   -0.001007  -0.0009021  -0.0007899  -0.0006712  -0.0005478  -0.0004224  -0.0002993  -0.0001853  -8.974e-05  -2.417e-05           0

           0   -3.66e-05  -0.0001316  -0.0002677  -0.0004286  -0.0006016  -0.0007776  -0.0009508   -0.001117   -0.001275   -0.001421   -0.001556   -0.001677   -0.001784   -0.001875   -0.001951   -0.002011   -0.002054    -0.00208   -0.002088    -0.00208   -0.002054   -0.002011   -0.001951   -0.001876   -0.001784   -0.001677   -0.001556   -0.001422   -0.001275   -0.001118  -0.0009513  -0.0007781   -0.000602   -0.000429  -0.0002679  -0.0001318  -3.662e-05           0

           0  -4.993e-05  -0.0001768  -0.0003565  -0.0005678  -0.0007942   -0.001024    -0.00125   -0.001468   -0.001674   -0.001865    -0.00204   -0.002198   -0.002338   -0.002457   -0.002556   -0.002634    -0.00269   -0.002724   -0.002735   -0.002724    -0.00269   -0.002634   -0.002557   -0.002458   -0.002338   -0.002199   -0.002041   -0.001866   -0.001674   -0.001469   -0.001251   -0.001025  -0.0007949  -0.0005683  -0.0003569   -0.000177  -4.997e-05           0

           0  -6.392e-05  -0.0002244  -0.0004503  -0.0007149  -0.0009978   -0.001285   -0.001567   -0.001838   -0.002094   -0.002332   -0.002551   -0.002747   -0.002921    -0.00307   -0.003193    -0.00329   -0.003359   -0.003401   -0.003415   -0.003401    -0.00336    -0.00329   -0.003193    -0.00307   -0.002921   -0.002748   -0.002551   -0.002333   -0.002095   -0.001839   -0.001568   -0.001286  -0.0009986  -0.0007156  -0.0004508  -0.0002247  -6.398e-05           0

           0  -7.857e-05  -0.0002744  -0.0005489  -0.0008696   -0.001212   -0.001559   -0.001899   -0.002227   -0.002536   -0.002823   -0.003087   -0.003324   -0.003533   -0.003712   -0.003861   -0.003977   -0.004061   -0.004112   -0.004129   -0.004112   -0.004061   -0.003978   -0.003861   -0.003713   -0.003534   -0.003325   -0.003088   -0.002824   -0.002537   -0.002228   -0.001901    -0.00156   -0.001213  -0.0008705  -0.0005495  -0.0002747  -7.865e-05           0

           0  -9.395e-05   -0.000327  -0.0006528   -0.001033   -0.001437   -0.001848    -0.00225   -0.002636   -0.003001    -0.00334   -0.003651    -0.00393   -0.004176   -0.004387   -0.004562   -0.004699   -0.004798   -0.004857   -0.004877   -0.004858   -0.004798     -0.0047   -0.004563   -0.004388   -0.004177   -0.003931   -0.003652   -0.003341   -0.003002   -0.002638   -0.002251   -0.001849   -0.001439   -0.001034  -0.0006535  -0.0003274  -9.405e-05           0

           0  -0.0001102  -0.0003827  -0.0007627   -0.001205   -0.001676   -0.002153   -0.002621   -0.003069   -0.003493   -0.003886   -0.004246    -0.00457   -0.004855     -0.0051   -0.005302   -0.005461   -0.005575   -0.005644   -0.005667   -0.005644   -0.005575   -0.005461   -0.005303   -0.005101   -0.004856   -0.004571   -0.004248   -0.003888   -0.003494   -0.003071   -0.002623   -0.002155   -0.001678   -0.001206  -0.0007636  -0.0003831  -0.0001103           0

           0  -0.0001275  -0.0004419  -0.0008798   -0.001389   -0.001931   -0.002478   -0.003015    -0.00353   -0.004015   -0.004466   -0.004878   -0.005249   -0.005575   -0.005855   -0.006086   -0.006267   -0.006397   -0.006476   -0.006502   -0.006476   -0.006398   -0.006268   -0.006087   -0.005856   -0.005576    -0.00525    -0.00488   -0.004468   -0.004017   -0.003532   -0.003017    -0.00248   -0.001932    -0.00139  -0.0008808  -0.0004424  -0.0001276           0

           0   -0.000146  -0.0005053   -0.001005   -0.001586   -0.002203   -0.002826   -0.003437   -0.004022   -0.004573   -0.005085   -0.005552   -0.005972   -0.006342   -0.006658    -0.00692   -0.007125   -0.007272    -0.00736    -0.00739   -0.007361   -0.007272   -0.007125   -0.006921   -0.006659   -0.006343   -0.005974   -0.005554   -0.005087   -0.004575   -0.004024   -0.003439   -0.002829   -0.002205   -0.001587   -0.001006  -0.0005059  -0.0001462           0

           0   -0.000166  -0.0005736    -0.00114   -0.001797   -0.002495     -0.0032    -0.00389    -0.00455   -0.005172   -0.005748   -0.006274   -0.006746   -0.007161   -0.007517    -0.00781    -0.00804   -0.008205   -0.008304   -0.008337   -0.008304   -0.008205    -0.00804   -0.007811   -0.007518   -0.007163   -0.006748   -0.006276    -0.00575   -0.005174   -0.004553   -0.003893   -0.003203   -0.002498   -0.001799   -0.001141  -0.0005743  -0.0001662           0

           0  -0.0001876  -0.0006476   -0.001286   -0.002026   -0.002812   -0.003604   -0.004379    -0.00512   -0.005816   -0.006462    -0.00705   -0.007578   -0.008041   -0.008437   -0.008764   -0.009019   -0.009203   -0.009314   -0.009351   -0.009314   -0.009204    -0.00902   -0.008765   -0.008439   -0.008043    -0.00758   -0.007053   -0.006464   -0.005819   -0.005123   -0.004382   -0.003607   -0.002815   -0.002028   -0.001287  -0.0006483  -0.0001878           0

           0  -0.0002111   -0.000728   -0.001445   -0.002275   -0.003155   -0.004043   -0.004909   -0.005736   -0.006514   -0.007233   -0.007887   -0.008474   -0.008988   -0.009427   -0.009789    -0.01007    -0.01027     -0.0104    -0.01044     -0.0104    -0.01028    -0.01007    -0.00979   -0.009428    -0.00899   -0.008476    -0.00789   -0.007236   -0.006517    -0.00574   -0.004912   -0.004046   -0.003159   -0.002278   -0.001446  -0.0007289  -0.0002113           0

           0  -0.0002368   -0.000816   -0.001618   -0.002547    -0.00353    -0.00452   -0.005486   -0.006407    -0.00727   -0.008068   -0.008793   -0.009442    -0.01001    -0.01049    -0.01089     -0.0112    -0.01143    -0.01156    -0.01161    -0.01156    -0.01143     -0.0112    -0.01089     -0.0105    -0.01001   -0.009444   -0.008796   -0.008071   -0.007274    -0.00641    -0.00549   -0.004524   -0.003534    -0.00255    -0.00162   -0.000817  -0.0002371           0

           0  -0.0002651  -0.0009128   -0.001809   -0.002845   -0.003941   -0.005043   -0.006116   -0.007138   -0.008095   -0.008976   -0.009777    -0.01049    -0.01111    -0.01165    -0.01208    -0.01242    -0.01267    -0.01282    -0.01286    -0.01282    -0.01267    -0.01243    -0.01208    -0.01165    -0.01112    -0.01049    -0.00978    -0.00898   -0.008099   -0.007142   -0.006121   -0.005048   -0.003945   -0.002848   -0.001811  -0.0009139  -0.0002654           0

           0  -0.0002964    -0.00102   -0.002019   -0.003174   -0.004394   -0.005618   -0.006808   -0.007939   -0.008995   -0.009967    -0.01085    -0.01163    -0.01231    -0.01289    -0.01337    -0.01374    -0.01401    -0.01417    -0.01422    -0.01417    -0.01401    -0.01374    -0.01337     -0.0129    -0.01232    -0.01163    -0.01085   -0.009971   -0.008999   -0.007944   -0.006813   -0.005623   -0.004398   -0.003178   -0.002022   -0.001021  -0.0002967           0

           0  -0.0003311   -0.001138   -0.002253   -0.003539   -0.004895   -0.006253    -0.00757   -0.008819   -0.009982    -0.01105    -0.01201    -0.01287    -0.01361    -0.01424    -0.01476    -0.01516    -0.01545    -0.01562    -0.01568    -0.01562    -0.01545    -0.01517    -0.01476    -0.01425    -0.01362    -0.01287    -0.01202    -0.01105   -0.009987   -0.008824   -0.007576   -0.006258   -0.004899   -0.003543   -0.002256    -0.00114  -0.0003315           0

           0    -0.00037   -0.001271   -0.002514   -0.003945   -0.005452   -0.006958   -0.008414    -0.00979    -0.01107    -0.01224    -0.01329    -0.01422    -0.01503    -0.01571    -0.01627     -0.0167    -0.01701     -0.0172    -0.01726     -0.0172    -0.01701     -0.0167    -0.01627    -0.01571    -0.01503    -0.01422    -0.01329    -0.01224    -0.01107   -0.009795   -0.008419   -0.006963   -0.005457   -0.003949   -0.002517   -0.001273  -0.0003705           0

           0  -0.0004138    -0.00142   -0.002807   -0.004401   -0.006075   -0.007743   -0.009351    -0.01086    -0.01226    -0.01354    -0.01468    -0.01569    -0.01656     -0.0173     -0.0179    -0.01836     -0.0187    -0.01889    -0.01896    -0.01889     -0.0187    -0.01837     -0.0179     -0.0173    -0.01657     -0.0157    -0.01469    -0.01355    -0.01227    -0.01087   -0.009357   -0.007749   -0.006081   -0.004405    -0.00281   -0.001422  -0.0004143           0

           0  -0.0004636    -0.00159   -0.003139   -0.004915   -0.006776   -0.008624     -0.0104    -0.01206    -0.01359    -0.01498    -0.01621     -0.0173    -0.01824    -0.01902    -0.01966    -0.02016    -0.02051    -0.02072    -0.02079    -0.02072    -0.02051    -0.02016    -0.01967    -0.01903    -0.01824    -0.01731    -0.01622    -0.01498     -0.0136    -0.01207     -0.0104   -0.008631   -0.006782   -0.004921   -0.003143   -0.001592  -0.0004641           0

           0  -0.0005206   -0.001784   -0.003518   -0.005502   -0.007571   -0.009617    -0.01157    -0.01339    -0.01506    -0.01656     -0.0179    -0.01906    -0.02006     -0.0209    -0.02158     -0.0221    -0.02247    -0.02269    -0.02276    -0.02269    -0.02247     -0.0221    -0.02158     -0.0209    -0.02007    -0.01907     -0.0179    -0.01657    -0.01507     -0.0134    -0.01158   -0.009625   -0.007578   -0.005507   -0.003522   -0.001786  -0.0005212           0

           0  -0.0005868   -0.002009   -0.003956   -0.006175   -0.008481    -0.01075     -0.0129    -0.01489     -0.0167    -0.01832    -0.01975    -0.02099    -0.02205    -0.02293    -0.02364    -0.02419    -0.02458    -0.02481    -0.02488    -0.02481    -0.02458    -0.02419    -0.02364    -0.02293    -0.02205    -0.02099    -0.01975    -0.01833    -0.01671     -0.0149    -0.01291    -0.01076   -0.008489   -0.006182   -0.003961   -0.002011  -0.0005875           0

           0  -0.0006647   -0.002273   -0.004468   -0.006959    -0.00953    -0.01204     -0.0144    -0.01657    -0.01853    -0.02027    -0.02179     -0.0231    -0.02421    -0.02513    -0.02587    -0.02644    -0.02684    -0.02708    -0.02716    -0.02708    -0.02684    -0.02644    -0.02587    -0.02513    -0.02421     -0.0231    -0.02179    -0.02027    -0.01854    -0.01658    -0.01441    -0.01205   -0.009539   -0.006966   -0.004473   -0.002276  -0.0006655           0

           0  -0.0007581   -0.002588   -0.005076   -0.007882    -0.01076    -0.01354    -0.01613    -0.01848    -0.02058    -0.02243    -0.02403    -0.02541    -0.02656    -0.02751    -0.02827    -0.02885    -0.02926    -0.02951    -0.02959    -0.02951    -0.02926    -0.02886    -0.02828    -0.02752    -0.02657    -0.02541    -0.02404    -0.02244    -0.02059    -0.01849    -0.01614    -0.01355    -0.01077    -0.00789   -0.005082   -0.002591   -0.000759           0

           0  -0.0008727   -0.002973   -0.005811   -0.008984     -0.0122    -0.01528    -0.01811    -0.02065    -0.02289    -0.02484    -0.02651    -0.02793    -0.02911    -0.03008    -0.03085    -0.03144    -0.03185    -0.03209    -0.03217    -0.03209    -0.03185    -0.03144    -0.03085    -0.03008    -0.02911    -0.02793    -0.02652    -0.02484     -0.0229    -0.02066    -0.01812    -0.01529    -0.01221   -0.008994   -0.005818   -0.002977  -0.0008738           0

           0   -0.001017   -0.003453   -0.006716    -0.01032    -0.01393    -0.01732     -0.0204    -0.02312    -0.02548    -0.02751    -0.02922    -0.03067    -0.03186    -0.03283     -0.0336    -0.03418    -0.03459    -0.03483    -0.03491    -0.03483    -0.03459    -0.03418     -0.0336    -0.03284    -0.03187    -0.03067    -0.02923    -0.02751    -0.02549    -0.02313    -0.02041    -0.01734    -0.01394    -0.01033   -0.006724   -0.003457   -0.001019           0

           0   -0.001206   -0.004067   -0.007851    -0.01197      -0.016    -0.01973    -0.02305    -0.02592    -0.02837    -0.03045    -0.03218    -0.03362     -0.0348    -0.03575     -0.0365    -0.03706    -0.03745    -0.03768    -0.03776    -0.03769    -0.03745    -0.03706     -0.0365    -0.03575     -0.0348    -0.03362    -0.03219    -0.03045    -0.02838    -0.02593    -0.02306    -0.01975    -0.01602    -0.01198    -0.00786   -0.004072   -0.001208           0

           0    -0.00146   -0.004871   -0.009296      -0.014     -0.0185    -0.02256    -0.02608    -0.02906    -0.03156    -0.03363    -0.03534    -0.03673    -0.03787    -0.03878    -0.03949    -0.04002    -0.04039     -0.0406    -0.04067     -0.0406    -0.04039    -0.04002    -0.03949    -0.03878    -0.03787    -0.03674    -0.03534    -0.03364    -0.03157    -0.02907    -0.02609    -0.02257    -0.01852    -0.01401   -0.009306   -0.004877   -0.001462           0

           0   -0.001811   -0.005937    -0.01114     -0.0165    -0.02147     -0.0258    -0.02946    -0.03247    -0.03494    -0.03694    -0.03857    -0.03988    -0.04094    -0.04177    -0.04242    -0.04291    -0.04324    -0.04344     -0.0435    -0.04344    -0.04324    -0.04291    -0.04243    -0.04178    -0.04094    -0.03989    -0.03857    -0.03695    -0.03495    -0.03248    -0.02947    -0.02582    -0.02148    -0.01651    -0.01115   -0.005944   -0.001813           0

           0   -0.002305   -0.007349    -0.01345    -0.01948    -0.02484    -0.02934      -0.033    -0.03593    -0.03827    -0.04012     -0.0416    -0.04278    -0.04372    -0.04446    -0.04502    -0.04544    -0.04573     -0.0459    -0.04596     -0.0459    -0.04573    -0.04544    -0.04502    -0.04446    -0.04372    -0.04279    -0.04161    -0.04013    -0.03827    -0.03594    -0.03302    -0.02936    -0.02486    -0.01949    -0.01346   -0.007356   -0.002307           0

           0   -0.003004   -0.009177    -0.01622     -0.0228    -0.02835     -0.0328    -0.03627    -0.03895    -0.04103    -0.04264    -0.04391     -0.0449    -0.04568    -0.04629    -0.04675     -0.0471    -0.04733    -0.04747    -0.04752    -0.04747    -0.04733     -0.0471    -0.04675    -0.04629    -0.04568     -0.0449    -0.04391    -0.04265    -0.04103    -0.03896    -0.03628    -0.03281    -0.02837    -0.02281    -0.01623   -0.009184   -0.003007           0

           0   -0.003987    -0.01141    -0.01921    -0.02597    -0.03132    -0.03537    -0.03839    -0.04063    -0.04231    -0.04359    -0.04457    -0.04534    -0.04593    -0.04639    -0.04674      -0.047    -0.04718    -0.04728    -0.04731    -0.04728    -0.04718      -0.047    -0.04674    -0.04639    -0.04593    -0.04534    -0.04458    -0.04359    -0.04232    -0.04064    -0.03839    -0.03538    -0.03133    -0.02598    -0.01922    -0.01142   -0.003989           0

           0   -0.005314    -0.01379     -0.0217    -0.02791    -0.03245    -0.03566    -0.03793    -0.03955    -0.04073    -0.04161    -0.04227    -0.04278    -0.04317    -0.04347     -0.0437    -0.04387    -0.04399    -0.04406    -0.04408    -0.04406    -0.04399    -0.04387     -0.0437    -0.04348    -0.04317    -0.04278    -0.04227    -0.04161    -0.04073    -0.03956    -0.03794    -0.03567    -0.03245    -0.02792     -0.0217    -0.01379   -0.005315           0

           0   -0.006843    -0.01534    -0.02201     -0.0266    -0.02962     -0.0316    -0.03292    -0.03382    -0.03446    -0.03493    -0.03528    -0.03554    -0.03574     -0.0359    -0.03602    -0.03611    -0.03616     -0.0362    -0.03621     -0.0362    -0.03616    -0.03611    -0.03602     -0.0359    -0.03574    -0.03554    -0.03528    -0.03493    -0.03446    -0.03383    -0.03292     -0.0316    -0.02962     -0.0266    -0.02201    -0.01535   -0.006843           0

           0   -0.007294    -0.01322    -0.01676    -0.01876    -0.01991    -0.02059    -0.02102     -0.0213    -0.02149    -0.02163    -0.02173    -0.02181    -0.02187    -0.02191    -0.02195    -0.02197    -0.02199      -0.022      -0.022      -0.022    -0.02199    -0.02197    -0.02195    -0.02191    -0.02187    -0.02181    -0.02173    -0.02163    -0.02149     -0.0213    -0.02102    -0.02059    -0.01991    -0.01877    -0.01676    -0.01322   -0.007294           0

           0           0           0           0           0           0           0           0           0           0           0           0           0           0           0           0           0           0           0           0           0           0           0           0           0           0           0           0           0           0           0           0           0           0           0           0           0           0           0

