

FINAL STREAMFUNCTION - in row major format (rows divided by a blank line)

           0           0           0           0           0           0           0           0           0           0           0           0           0           0           0           0           0           0           0           0           0           0           0           0           0           0           0           0           0           0           0           0           0           0           0           0           0           0           0

           0   -2.05e-09   1.402e-07   4.655e-07   9.618e-07   1.596e-06   2.329e-06   3.123e-06   3.944e-06   4.761e-06   5.552e-06   6.295e-06   6.977e-06   7.585e-06   8.111e-06   8.548e-06   8.893e-06   9.141e-06   9.292e-06   9.343e-06   9.295e-06   9.149e-06   8.903e-06   8.562e-06   8.127e-06   7.602e-06   6.995e-06   6.313e-06   5.569e-06   4.777e-06   3.957e-06   3.134e-06   2.337e-06   1.601e-06   9.647e-07   4.666e-07   1.402e-07  -2.299e-09           0

           0     2.2e-07   9.841e-07   2.289e-06   4.068e-06   6.226e-06   8.656e-06   1.125e-05   1.392e-05   1.656e-05   1.912e-05   2.153e-05   2.374e-05   2.572e-05   2.743e-05   2.885e-05   2.998e-05   3.079e-05   3.128e-05   3.145e-05   3.129e-05   3.081e-05   3.001e-05    2.89e-05   2.748e-05   2.578e-05   2.381e-05    2.16e-05   1.918e-05   1.662e-05   1.397e-05   1.129e-05   8.689e-06    6.25e-06   4.084e-06   2.297e-06   9.874e-07   2.205e-07           0

           0   6.104e-07   2.383e-06   5.188e-06   8.847e-06   1.317e-05   1.794e-05   2.299e-05   2.813e-05   3.322e-05   3.811e-05    4.27e-05   4.691e-05   5.067e-05   5.392e-05   5.662e-05   5.875e-05   6.029e-05   6.122e-05   6.154e-05   6.125e-05   6.034e-05   5.883e-05   5.672e-05   5.403e-05   5.079e-05   4.704e-05   4.284e-05   3.824e-05   3.334e-05   2.824e-05   2.308e-05   1.802e-05   1.322e-05   8.885e-06    5.21e-06   2.393e-06   6.127e-07           0

           0   1.106e-06   4.142e-06   8.791e-06   1.472e-05    2.16e-05   2.911e-05   3.696e-05    4.49e-05   5.269e-05   6.016e-05   6.713e-05    7.35e-05   7.916e-05   8.404e-05   8.809e-05   9.128e-05   9.358e-05   9.498e-05   9.546e-05   9.502e-05   9.367e-05    9.14e-05   8.825e-05   8.422e-05   7.936e-05   7.371e-05   6.735e-05   6.037e-05   5.289e-05   4.508e-05   3.712e-05   2.924e-05    2.17e-05   1.479e-05   8.832e-06   4.161e-06   1.111e-06           0

           0   1.661e-06   6.096e-06   1.276e-05   2.114e-05   3.073e-05   4.109e-05   5.181e-05   6.255e-05   7.302e-05   8.296e-05   9.219e-05   0.0001006    0.000108   0.0001143   0.0001196   0.0001237   0.0001267   0.0001285   0.0001291   0.0001285   0.0001268   0.0001239   0.0001198   0.0001146   0.0001083   0.0001009    9.25e-05   8.326e-05    7.33e-05   6.282e-05   5.204e-05   4.128e-05   3.088e-05   2.124e-05   1.283e-05   6.126e-06   1.668e-06           0

           0   2.237e-06   8.102e-06    1.68e-05   2.758e-05   3.977e-05   5.279e-05   6.612e-05   7.932e-05   9.205e-05    0.000104    0.000115   0.0001249   0.0001336    0.000141   0.0001471   0.0001518   0.0001552   0.0001573    0.000158   0.0001573   0.0001554    0.000152   0.0001474   0.0001414    0.000134   0.0001253   0.0001155   0.0001044   9.243e-05   7.967e-05   6.642e-05   5.304e-05   3.997e-05   2.772e-05   1.688e-05   8.143e-06   2.248e-06           0

           0   2.798e-06   1.001e-05   2.055e-05   3.344e-05   4.783e-05   6.296e-05   7.823e-05   9.314e-05   0.0001073   0.0001204   0.0001323   0.0001428   0.0001519   0.0001595   0.0001657   0.0001705   0.0001739    0.000176   0.0001767   0.0001761   0.0001741   0.0001708   0.0001661   0.0001599   0.0001524   0.0001433   0.0001328   0.0001209   0.0001078   9.357e-05   7.861e-05   6.328e-05   4.808e-05   3.362e-05   2.066e-05   1.006e-05   2.812e-06           0

           0     3.3e-06   1.164e-05   2.363e-05   3.803e-05   5.379e-05   7.005e-05   8.609e-05   0.0001014   0.0001156   0.0001284   0.0001396   0.0001493   0.0001575   0.0001641   0.0001694   0.0001733   0.0001761   0.0001777   0.0001783   0.0001779   0.0001763   0.0001737   0.0001698   0.0001646    0.000158   0.0001499   0.0001402   0.0001289   0.0001161   0.0001019   8.654e-05   7.042e-05   5.409e-05   3.824e-05   2.376e-05   1.171e-05   3.318e-06           0

           0   3.685e-06   1.276e-05   2.549e-05   4.038e-05   5.621e-05     7.2e-05     8.7e-05   0.0001007   0.0001127    0.000123   0.0001315   0.0001382   0.0001434   0.0001472     0.00015   0.0001519   0.0001531   0.0001537    0.000154   0.0001539   0.0001533   0.0001522   0.0001504   0.0001478    0.000144   0.0001388   0.0001321   0.0001237   0.0001134   0.0001013    8.75e-05   7.242e-05   5.654e-05   4.062e-05   2.564e-05   1.283e-05   3.706e-06           0

           0   3.874e-06   1.304e-05   2.541e-05   3.924e-05   5.315e-05    6.61e-05   7.736e-05    8.65e-05   9.335e-05   9.791e-05   0.0001004   0.0001011   0.0001005   9.903e-05   9.706e-05   9.506e-05   9.338e-05   9.228e-05   9.194e-05   9.241e-05   9.363e-05   9.543e-05   9.753e-05   9.958e-05   0.0001012   0.0001018   0.0001011    9.86e-05     9.4e-05   8.711e-05    7.79e-05   6.655e-05   5.351e-05    3.95e-05   2.557e-05   1.312e-05   3.896e-06           0

           0   3.754e-06   1.205e-05   2.242e-05   3.291e-05   4.201e-05   4.872e-05   5.242e-05   5.286e-05   5.014e-05   4.457e-05   3.672e-05   2.725e-05   1.693e-05    6.54e-06  -3.158e-06  -1.148e-05  -1.784e-05  -2.181e-05  -2.312e-05  -2.168e-05  -1.759e-05  -1.112e-05  -2.697e-06   7.086e-06   1.754e-05   2.791e-05    3.74e-05   4.526e-05   5.079e-05   5.347e-05   5.296e-05   4.918e-05   4.238e-05   3.317e-05   2.259e-05   1.213e-05   3.778e-06           0

           0   3.176e-06   9.189e-06   1.522e-05   1.911e-05   1.937e-05   1.509e-05   5.912e-06  -8.059e-06  -2.632e-05  -4.806e-05  -7.221e-05   -9.76e-05  -0.0001229  -0.0001469  -0.0001685  -0.0001864  -0.0001998  -0.0002081  -0.0002109   -0.000208  -0.0001996   -0.000186   -0.000168  -0.0001465  -0.0001224  -9.699e-05  -7.159e-05  -4.742e-05  -2.571e-05  -7.489e-06   6.422e-06   1.552e-05   1.971e-05   1.936e-05   1.538e-05    9.27e-06   3.199e-06           0

           0   1.939e-06   3.675e-06   2.068e-06  -5.119e-06  -1.928e-05  -4.102e-05  -7.027e-05  -0.0001064  -0.0001482  -0.0001942  -0.0002426  -0.0002915  -0.0003389  -0.0003828  -0.0004215  -0.0004534  -0.0004771  -0.0004917  -0.0004966  -0.0004916  -0.0004769  -0.0004531  -0.0004212  -0.0003824  -0.0003384   -0.000291  -0.0002421  -0.0001937  -0.0001477  -0.0001059  -6.984e-05  -4.064e-05  -1.897e-05  -4.897e-06   2.211e-06   3.747e-06    1.96e-06           0

           0  -2.229e-07  -5.516e-06  -1.925e-05  -4.361e-05  -7.969e-05  -0.0001276  -0.0001865   -0.000255   -0.000331  -0.0004119  -0.0004951  -0.0005774   -0.000656  -0.0007281   -0.000791  -0.0008424  -0.0008805  -0.0009039  -0.0009118  -0.0009039  -0.0008804  -0.0008422  -0.0007908  -0.0007278  -0.0006558  -0.0005771  -0.0004947  -0.0004116  -0.0003306  -0.0002547  -0.0001862  -0.0001273  -7.947e-05  -4.345e-05  -1.914e-05  -5.459e-06  -2.062e-07           0

           0   -3.65e-06   -1.97e-05   -5.16e-05  -0.0001013  -0.0001692  -0.0002547  -0.0003559  -0.0004702  -0.0005941  -0.0007238  -0.0008552  -0.0009838   -0.001106   -0.001216   -0.001312   -0.001391   -0.001448   -0.001484   -0.001496   -0.001484   -0.001448   -0.001391   -0.001312   -0.001216   -0.001105  -0.0009838  -0.0008551  -0.0007237   -0.000594    -0.00047  -0.0003558  -0.0002546  -0.0001691  -0.0001012  -5.154e-05  -1.967e-05   -3.64e-06           0

           0  -8.778e-06  -4.053e-05  -9.856e-05  -0.0001842  -0.0002969  -0.0004349  -0.0005947   -0.000772  -0.0009616   -0.001158   -0.001355   -0.001546   -0.001726   -0.001888   -0.002029   -0.002143   -0.002227   -0.002279   -0.002296   -0.002279   -0.002228   -0.002143   -0.002029   -0.001889   -0.001726   -0.001546   -0.001355   -0.001158  -0.0009618  -0.0007721  -0.0005948   -0.000435   -0.000297  -0.0001842  -9.856e-05  -4.053e-05  -8.777e-06           0

           0  -1.615e-05  -7.009e-05  -0.0001646  -0.0002999  -0.0004742  -0.0006836  -0.0009227   -0.001185   -0.001463   -0.001748   -0.002032   -0.002306   -0.002563   -0.002794   -0.002994   -0.003155   -0.003274   -0.003347   -0.003371   -0.003347   -0.003274   -0.003155   -0.002994   -0.002795   -0.002563   -0.002307   -0.002032   -0.001748   -0.001463   -0.001185  -0.0009231  -0.0006839  -0.0004744  -0.0003001  -0.0001647  -7.013e-05  -1.616e-05           0

           0  -2.644e-05  -0.0001109  -0.0002551  -0.0004577  -0.0007146   -0.001019   -0.001364   -0.001738   -0.002132   -0.002534   -0.002932   -0.003314   -0.003671   -0.003992   -0.004268    -0.00449   -0.004654   -0.004754   -0.004788   -0.004754   -0.004655   -0.004491   -0.004268   -0.003993   -0.003672   -0.003316   -0.002933   -0.002535   -0.002133   -0.001739   -0.001365    -0.00102  -0.0007151   -0.000458  -0.0002553   -0.000111  -2.647e-05           0

           0  -4.047e-05  -0.0001661  -0.0003767  -0.0006686   -0.001035   -0.001465   -0.001947   -0.002467   -0.003011   -0.003564   -0.004108    -0.00463   -0.005115    -0.00555   -0.005923   -0.006224   -0.006445    -0.00658   -0.006626    -0.00658   -0.006446   -0.006225   -0.005924   -0.005552   -0.005117   -0.004632    -0.00411   -0.003565   -0.003013   -0.002469   -0.001948   -0.001466   -0.001035  -0.0006691  -0.0003771  -0.0001662  -4.051e-05           0

           0  -5.922e-05  -0.0002392  -0.0005372  -0.0009457   -0.001453   -0.002045   -0.002704   -0.003412   -0.004148   -0.004892   -0.005623   -0.006321   -0.006968   -0.007547   -0.008042   -0.008441   -0.008734   -0.008913   -0.008973   -0.008913   -0.008735   -0.008443   -0.008044   -0.007549    -0.00697   -0.006323   -0.005625   -0.004894    -0.00415   -0.003414   -0.002706   -0.002046   -0.001454  -0.0009464  -0.0005376  -0.0002394  -5.927e-05           0

           0  -8.385e-05  -0.0003347  -0.0007456   -0.001304   -0.001993   -0.002791   -0.003675   -0.004619   -0.005596    -0.00658   -0.007544   -0.008462   -0.009311    -0.01007    -0.01071    -0.01124    -0.01162    -0.01185    -0.01193    -0.01185    -0.01162    -0.01124    -0.01072    -0.01007   -0.009313   -0.008465   -0.007547   -0.006583   -0.005599   -0.004621   -0.003677   -0.002792   -0.001994   -0.001305  -0.0007462   -0.000335  -8.392e-05           0

           0  -0.0001157  -0.0004575   -0.001012   -0.001761   -0.002678   -0.003735     -0.0049   -0.006138   -0.007416   -0.008696   -0.009947    -0.01113    -0.01223    -0.01321    -0.01404    -0.01471    -0.01519    -0.01549    -0.01559    -0.01549     -0.0152    -0.01471    -0.01404    -0.01321    -0.01223    -0.01114    -0.00995     -0.0087   -0.007419   -0.006141   -0.004903   -0.003737    -0.00268   -0.001762   -0.001013  -0.0004579  -0.0001158           0

           0  -0.0001564  -0.0006133    -0.00135   -0.002336   -0.003538   -0.004916   -0.006427   -0.008027    -0.00967    -0.01131    -0.01291    -0.01443    -0.01582    -0.01706    -0.01811    -0.01895    -0.01957    -0.01995    -0.02007    -0.01995    -0.01957    -0.01896    -0.01811    -0.01706    -0.01582    -0.01443    -0.01291    -0.01132   -0.009674    -0.00803    -0.00643   -0.004918    -0.00354   -0.002337    -0.00135  -0.0006137  -0.0001565           0

           0  -0.0002077  -0.0008086    -0.00177   -0.003051   -0.004603   -0.006373   -0.008305    -0.01034    -0.01243     -0.0145    -0.01652    -0.01842    -0.02016    -0.02171    -0.02302    -0.02408    -0.02484    -0.02531    -0.02547    -0.02531    -0.02485    -0.02408    -0.02303    -0.02171    -0.02017    -0.01842    -0.01652    -0.01451    -0.01243    -0.01035   -0.008309   -0.006376   -0.004605   -0.003052   -0.001771  -0.0008091  -0.0002078           0

           0  -0.0002716   -0.001051   -0.002289   -0.003929   -0.005905   -0.008148    -0.01059    -0.01314    -0.01575    -0.01833    -0.02083    -0.02319    -0.02534    -0.02724    -0.02886    -0.03015    -0.03109    -0.03166    -0.03185    -0.03166    -0.03109    -0.03015    -0.02886    -0.02725    -0.02534    -0.02319    -0.02084    -0.01834    -0.01575    -0.01315    -0.01059   -0.008151   -0.005908    -0.00393    -0.00229   -0.001051  -0.0002717           0

           0  -0.0003503   -0.001347   -0.002922   -0.004995   -0.007479    -0.01028    -0.01332    -0.01648    -0.01969    -0.02287    -0.02592    -0.02879     -0.0314    -0.03371    -0.03566    -0.03721    -0.03835    -0.03904    -0.03927    -0.03904    -0.03835    -0.03722    -0.03566    -0.03371    -0.03141    -0.02879    -0.02593    -0.02287     -0.0197    -0.01649    -0.01332    -0.01029   -0.007482   -0.004996   -0.002923   -0.001348  -0.0003505           0

           0  -0.0004467   -0.001707   -0.003686   -0.006275   -0.009359    -0.01282    -0.01654    -0.02041    -0.02431    -0.02814    -0.03181    -0.03525    -0.03837    -0.04111    -0.04342    -0.04526     -0.0466    -0.04741    -0.04768    -0.04741     -0.0466    -0.04526    -0.04342    -0.04111    -0.03837    -0.03525    -0.03182    -0.02815    -0.02431    -0.02041    -0.01655    -0.01282   -0.009362   -0.006276   -0.003687   -0.001708  -0.0004468           0

           0  -0.0005637   -0.002141     -0.0046   -0.007797    -0.01158     -0.0158     -0.0203    -0.02494     -0.0296    -0.03416     -0.0385    -0.04253    -0.04618    -0.04937    -0.05206    -0.05419    -0.05574    -0.05667    -0.05699    -0.05667    -0.05574    -0.05419    -0.05206    -0.04938    -0.04618    -0.04254     -0.0385    -0.03416    -0.02961    -0.02495     -0.0203     -0.0158    -0.01158   -0.007798   -0.004601   -0.002142  -0.0005638           0

           0  -0.0007052   -0.002661   -0.005687    -0.00959    -0.01417    -0.01924     -0.0246    -0.03009    -0.03556    -0.04086    -0.04588    -0.05052    -0.05469    -0.05832    -0.06136    -0.06376     -0.0655    -0.06656    -0.06691    -0.06656    -0.06551    -0.06377    -0.06136    -0.05832    -0.05469    -0.05052    -0.04589    -0.04087    -0.03556     -0.0301     -0.0246    -0.01924    -0.01417   -0.009591   -0.005688   -0.002662  -0.0007054           0

           0  -0.0008768   -0.003284   -0.006974    -0.01169    -0.01716    -0.02316    -0.02944    -0.03581    -0.04208    -0.04811    -0.05377    -0.05896    -0.06359     -0.0676    -0.07094    -0.07357    -0.07547    -0.07661      -0.077    -0.07661    -0.07547    -0.07357    -0.07094     -0.0676    -0.06359    -0.05896    -0.05378    -0.04812    -0.04209    -0.03581    -0.02944    -0.02316    -0.01717    -0.01169   -0.006975   -0.003285  -0.0008769           0

           0   -0.001087   -0.004033   -0.008495    -0.01412    -0.02058    -0.02755    -0.03475    -0.04196    -0.04898    -0.05563    -0.06182    -0.06742    -0.07238    -0.07665    -0.08017    -0.08294    -0.08492    -0.08612    -0.08652    -0.08612    -0.08492    -0.08294    -0.08018    -0.07665    -0.07239    -0.06743    -0.06182    -0.05564    -0.04898    -0.04197    -0.03476    -0.02755    -0.02058    -0.01412   -0.008496   -0.004033   -0.001087           0

           0   -0.001348   -0.004944     -0.0103    -0.01694    -0.02442    -0.03234    -0.04039    -0.04829    -0.05586    -0.06293     -0.0694    -0.07519    -0.08026    -0.08457    -0.08811    -0.09087    -0.09284    -0.09402    -0.09442    -0.09402    -0.09284    -0.09087    -0.08812    -0.08458    -0.08026    -0.07519     -0.0694    -0.06293    -0.05586     -0.0483    -0.04039    -0.03235    -0.02442    -0.01694     -0.0103   -0.004944   -0.001348           0

           0   -0.001686   -0.006076    -0.01246    -0.02017    -0.02863    -0.03736    -0.04601     -0.0543    -0.06205    -0.06915    -0.07554    -0.08116    -0.08601    -0.09009     -0.0934    -0.09597    -0.09779    -0.09888    -0.09924    -0.09888    -0.09779    -0.09597    -0.09341    -0.09009    -0.08601    -0.08116    -0.07554    -0.06916    -0.06205     -0.0543    -0.04601    -0.03737    -0.02863    -0.02017    -0.01246   -0.006076   -0.001686           0

           0    -0.00215   -0.007528    -0.01505    -0.02379    -0.03299    -0.04214    -0.05088    -0.05899    -0.06636    -0.07293    -0.07869    -0.08367    -0.08789    -0.09139     -0.0942    -0.09636    -0.09787    -0.09878    -0.09908    -0.09878    -0.09787    -0.09636     -0.0942    -0.09139    -0.08789    -0.08367    -0.07869    -0.07293    -0.06636    -0.05899    -0.05088    -0.04214    -0.03299    -0.02379    -0.01505   -0.007528    -0.00215           0

           0    -0.00284   -0.009434    -0.01807    -0.02746    -0.03677    -0.04553    -0.05348    -0.06053     -0.0667    -0.07201    -0.07653    -0.08035    -0.08352     -0.0861    -0.08814    -0.08969    -0.09078    -0.09142    -0.09164    -0.09142    -0.09078     -0.0897    -0.08814     -0.0861    -0.08352    -0.08035    -0.07653    -0.07201     -0.0667    -0.06054    -0.05348    -0.04553    -0.03677    -0.02746    -0.01807   -0.009434    -0.00284           0

           0   -0.003936    -0.01178    -0.02088    -0.02977     -0.0378    -0.04475    -0.05062    -0.05552    -0.05959    -0.06294     -0.0657    -0.06796     -0.0698    -0.07126     -0.0724    -0.07326    -0.07386    -0.07421    -0.07432    -0.07421    -0.07386    -0.07326    -0.07241    -0.07126     -0.0698    -0.06796     -0.0657    -0.06294    -0.05959    -0.05552    -0.05062    -0.04475     -0.0378    -0.02977    -0.02088    -0.01178   -0.003936           0

           0   -0.005293    -0.01289    -0.01994    -0.02569    -0.03015    -0.03356    -0.03615    -0.03814    -0.03967    -0.04087    -0.04181    -0.04255    -0.04314     -0.0436    -0.04395    -0.04421    -0.04439    -0.04449    -0.04453    -0.04449    -0.04439    -0.04421    -0.04395     -0.0436    -0.04314    -0.04255    -0.04181    -0.04087    -0.03967    -0.03814    -0.03615    -0.03356    -0.03015    -0.02569    -0.01994    -0.01289   -0.005293           0

           0           0           0           0           0           0           0           0           0           0           0           0           0           0           0           0           0           0           0           0           0           0           0           0           0           0           0           0           0           0           0           0           0           0           0           0           0           0           0

