

FINAL STREAMFUNCTION - in row major format (rows divided by a blank line)

           0           0           0           0           0           0           0           0           0           0           0           0           0           0           0           0           0           0           0           0           0           0           0           0           0           0           0           0           0           0           0           0           0           0           0           0           0           0           0

           0   9.213e-06  -3.156e-06  -3.962e-05  -9.423e-05    -0.00016  -0.0002309  -0.0003018  -0.0003693   -0.000431  -0.0004855  -0.0005323  -0.0005714  -0.0006033  -0.0006287  -0.0006481  -0.0006624  -0.0006722  -0.0006778  -0.0006797  -0.0006778  -0.0006722  -0.0006625  -0.0006482  -0.0006288  -0.0006035  -0.0005716  -0.0005325  -0.0004857  -0.0004312  -0.0003695   -0.000302   -0.000231  -0.0001601  -9.428e-05  -3.964e-05  -3.158e-06   9.219e-06           0

           0   1.277e-05  -4.722e-05  -0.0001883  -0.0003926  -0.0006372  -0.0009005   -0.001165   -0.001418   -0.001649   -0.001855   -0.002032   -0.002181   -0.002303     -0.0024   -0.002475   -0.002531   -0.002569   -0.002591   -0.002598   -0.002591   -0.002569   -0.002531   -0.002476   -0.002401   -0.002304   -0.002182   -0.002033   -0.001856    -0.00165   -0.001418   -0.001166   -0.000901  -0.0006375  -0.0003928  -0.0001884  -4.725e-05   1.277e-05           0

           0  -9.719e-07  -0.0001509  -0.0004624   -0.000902   -0.001424   -0.001986    -0.00255    -0.00309   -0.003586   -0.004028    -0.00441   -0.004732   -0.004996   -0.005207    -0.00537   -0.005491   -0.005574   -0.005622   -0.005638   -0.005622   -0.005574   -0.005492   -0.005371   -0.005208   -0.004997   -0.004733   -0.004411   -0.004029   -0.003588   -0.003091   -0.002551   -0.001987   -0.001425  -0.0009024  -0.0004627   -0.000151   -9.72e-07           0

           0  -3.676e-05  -0.0003227   -0.000869   -0.001622    -0.00251   -0.003462   -0.004419   -0.005335   -0.006178   -0.006929   -0.007581    -0.00813   -0.008582   -0.008945   -0.009225   -0.009433   -0.009576   -0.009659   -0.009686   -0.009659   -0.009577   -0.009434   -0.009227   -0.008946   -0.008585   -0.008133   -0.007583   -0.006932    -0.00618   -0.005337   -0.004421   -0.003464   -0.002511   -0.001623  -0.0008695  -0.0003229  -3.678e-05           0

           0  -9.574e-05   -0.000565   -0.001409   -0.002549   -0.003881   -0.005306   -0.006736   -0.008104   -0.009365    -0.01049    -0.01146    -0.01229    -0.01297    -0.01351    -0.01394    -0.01425    -0.01447    -0.01459    -0.01463    -0.01459    -0.01447    -0.01425    -0.01394    -0.01352    -0.01297    -0.01229    -0.01147    -0.01049   -0.009368   -0.008108   -0.006739   -0.005308   -0.003883    -0.00255   -0.001409  -0.0005654  -9.579e-05           0

           0  -0.0001773  -0.0008767   -0.002078   -0.003673   -0.005523   -0.007492   -0.009465    -0.01135    -0.01309    -0.01464    -0.01599    -0.01713    -0.01807    -0.01882    -0.01941    -0.01984    -0.02014    -0.02032    -0.02037    -0.02032    -0.02014    -0.01984    -0.01941    -0.01882    -0.01807    -0.01713    -0.01599    -0.01465     -0.0131    -0.01136   -0.009469   -0.007496   -0.005525   -0.003675   -0.002079  -0.0008772  -0.0001774           0

           0  -0.0002799   -0.001255   -0.002872   -0.004985   -0.007418   -0.009996    -0.01257    -0.01503     -0.0173    -0.01932    -0.02107    -0.02256    -0.02378    -0.02477    -0.02553     -0.0261     -0.0265    -0.02672     -0.0268    -0.02672     -0.0265    -0.02611    -0.02554    -0.02477    -0.02379    -0.02257    -0.02108    -0.01933    -0.01731    -0.01504    -0.01258       -0.01   -0.007421   -0.004988   -0.002873   -0.001255  -0.0002801           0

           0  -0.0004021   -0.001695   -0.003783   -0.006475    -0.00955    -0.01279    -0.01603    -0.01911    -0.02194    -0.02447    -0.02666    -0.02851    -0.03004    -0.03127    -0.03223    -0.03294    -0.03343    -0.03372    -0.03381    -0.03372    -0.03343    -0.03294    -0.03223    -0.03128    -0.03005    -0.02852    -0.02667    -0.02448    -0.02195    -0.01912    -0.01603     -0.0128   -0.009554   -0.006478   -0.003785   -0.001696  -0.0004024           0

           0  -0.0005423   -0.002194   -0.004804    -0.00813     -0.0119    -0.01586    -0.01979    -0.02353    -0.02696    -0.03002    -0.03267    -0.03491    -0.03676    -0.03824     -0.0394    -0.04026    -0.04085    -0.04119    -0.04131    -0.04119    -0.04085    -0.04026     -0.0394    -0.03825    -0.03676    -0.03492    -0.03268    -0.03003    -0.02697    -0.02354     -0.0198    -0.01587    -0.01191   -0.008134   -0.004806   -0.002195  -0.0005426           0

           0  -0.0006991   -0.002747   -0.005929    -0.00994    -0.01446    -0.01917    -0.02384    -0.02827    -0.03232    -0.03592    -0.03904    -0.04167    -0.04384    -0.04559    -0.04694    -0.04795    -0.04865    -0.04905    -0.04919    -0.04906    -0.04865    -0.04796    -0.04695     -0.0456    -0.04385    -0.04168    -0.03905    -0.03593    -0.03233    -0.02828    -0.02385    -0.01918    -0.01446   -0.009945   -0.005932   -0.002749  -0.0006995           0

           0  -0.0008714   -0.003352   -0.007151    -0.01189     -0.0172    -0.02271    -0.02814    -0.03327    -0.03796    -0.04211     -0.0457    -0.04873    -0.05122    -0.05323    -0.05478    -0.05594    -0.05674     -0.0572    -0.05736     -0.0572    -0.05674    -0.05595    -0.05479    -0.05324    -0.05123    -0.04874    -0.04571    -0.04212    -0.03797    -0.03328    -0.02815    -0.02272    -0.01721     -0.0119   -0.007154   -0.003354  -0.0008718           0

           0   -0.001058   -0.004006   -0.008464    -0.01398    -0.02011    -0.02645    -0.03266     -0.0385    -0.04382    -0.04853    -0.05259      -0.056    -0.05882    -0.06107    -0.06282    -0.06412    -0.06502    -0.06554    -0.06571    -0.06554    -0.06502    -0.06413    -0.06283    -0.06108    -0.05883    -0.05602     -0.0526    -0.04854    -0.04384    -0.03852    -0.03267    -0.02646    -0.02012    -0.01399   -0.008468   -0.004008   -0.001059           0

           0   -0.001259   -0.004706   -0.009865     -0.0162    -0.02318    -0.03036    -0.03736    -0.04393    -0.04988    -0.05512    -0.05963    -0.06342    -0.06654    -0.06903    -0.07097     -0.0724    -0.07339    -0.07397    -0.07416    -0.07397     -0.0734    -0.07241    -0.07098    -0.06904    -0.06655    -0.06344    -0.05965    -0.05514    -0.04989    -0.04394    -0.03738    -0.03037    -0.02319     -0.0162   -0.009869   -0.004708    -0.00126           0

           0   -0.001475   -0.005452    -0.01135    -0.01853     -0.0264    -0.03443    -0.04222    -0.04949    -0.05606    -0.06182    -0.06677    -0.07091    -0.07431    -0.07702    -0.07913    -0.08069    -0.08176    -0.08239    -0.08259    -0.08239    -0.08177     -0.0807    -0.07914    -0.07704    -0.07433    -0.07093    -0.06679    -0.06184    -0.05608    -0.04951    -0.04224    -0.03444    -0.02641    -0.01854    -0.01135   -0.005454   -0.001475           0

           0   -0.001704   -0.006243    -0.01291    -0.02097    -0.02974    -0.03863    -0.04721    -0.05516    -0.06232    -0.06857    -0.07392    -0.07839    -0.08204    -0.08496    -0.08721    -0.08888    -0.09003     -0.0907    -0.09092     -0.0907    -0.09004    -0.08889    -0.08723    -0.08497    -0.08206    -0.07841    -0.07394    -0.06859    -0.06234    -0.05518    -0.04722    -0.03864    -0.02975    -0.02098    -0.01292   -0.006245   -0.001704           0

           0   -0.001947   -0.007079    -0.01455    -0.02352    -0.03319    -0.04294    -0.05228    -0.06089     -0.0686    -0.07531    -0.08102    -0.08578    -0.08965    -0.09274    -0.09513    -0.09689     -0.0981    -0.09881    -0.09904    -0.09881    -0.09811     -0.0969    -0.09514    -0.09276    -0.08967    -0.08579    -0.08104    -0.07533    -0.06862    -0.06091    -0.05229    -0.04295     -0.0332    -0.02353    -0.01456   -0.007082   -0.001948           0

           0   -0.002206   -0.007962    -0.01628    -0.02616    -0.03674    -0.04733     -0.0574    -0.06663    -0.07484    -0.08195    -0.08798    -0.09298    -0.09705     -0.1003     -0.1028     -0.1046     -0.1059     -0.1066     -0.1068     -0.1066     -0.1059     -0.1046     -0.1028     -0.1003    -0.09707      -0.093      -0.088    -0.08197    -0.07486    -0.06665    -0.05742    -0.04734    -0.03675    -0.02617    -0.01628   -0.007964   -0.002207           0

           0   -0.002481   -0.008893    -0.01807    -0.02889    -0.04038    -0.05177    -0.06253    -0.07232    -0.08098    -0.08844    -0.09473    -0.09993     -0.1041     -0.1075       -0.11     -0.1119     -0.1132      -0.114     -0.1142      -0.114     -0.1132     -0.1119     -0.1101     -0.1075     -0.1042    -0.09995    -0.09475    -0.08846      -0.081    -0.07234    -0.06255    -0.05179    -0.04039     -0.0289    -0.01808   -0.008895   -0.002482           0

           0   -0.002775   -0.009876    -0.01995    -0.03171    -0.04408    -0.05624    -0.06763    -0.07792    -0.08694    -0.09468     -0.1012     -0.1065     -0.1108     -0.1142     -0.1169     -0.1188     -0.1201     -0.1209     -0.1211     -0.1209     -0.1201     -0.1188     -0.1169     -0.1143     -0.1109     -0.1065     -0.1012     -0.0947    -0.08696    -0.07793    -0.06765    -0.05626    -0.04409    -0.03172    -0.01996   -0.009878   -0.002775           0

           0   -0.003089    -0.01091    -0.02191    -0.03461    -0.04783     -0.0607    -0.07264    -0.08334    -0.09266     -0.1006     -0.1072     -0.1127      -0.117     -0.1205     -0.1231      -0.125     -0.1263     -0.1271     -0.1273     -0.1271     -0.1263      -0.125     -0.1231     -0.1205      -0.117     -0.1127     -0.1072     -0.1006    -0.09268    -0.08336    -0.07266    -0.06071    -0.04784    -0.03462    -0.02191    -0.01092    -0.00309           0

           0   -0.003427    -0.01202    -0.02395    -0.03758     -0.0516    -0.06511    -0.07751    -0.08853    -0.09805     -0.1061     -0.1128     -0.1182     -0.1226      -0.126     -0.1286     -0.1305     -0.1318     -0.1326     -0.1328     -0.1326     -0.1318     -0.1305     -0.1286      -0.126     -0.1226     -0.1182     -0.1128     -0.1061    -0.09807    -0.08855    -0.07753    -0.06512    -0.05162    -0.03759    -0.02395    -0.01202   -0.003428           0

           0   -0.003793    -0.01319    -0.02607    -0.04061    -0.05537    -0.06941    -0.08218     -0.0934      -0.103     -0.1111     -0.1177     -0.1231     -0.1274     -0.1308     -0.1334     -0.1352     -0.1365     -0.1372     -0.1375     -0.1372     -0.1365     -0.1352     -0.1334     -0.1308     -0.1275     -0.1232     -0.1178     -0.1111      -0.103    -0.09341    -0.08219    -0.06943    -0.05538    -0.04062    -0.02608    -0.01319   -0.003794           0

           0   -0.004193    -0.01443    -0.02829    -0.04368     -0.0591    -0.07356    -0.08655    -0.09785     -0.1074     -0.1154      -0.122     -0.1273     -0.1315     -0.1347     -0.1372      -0.139     -0.1402     -0.1409     -0.1412     -0.1409     -0.1402      -0.139     -0.1372     -0.1347     -0.1315     -0.1273      -0.122     -0.1155     -0.1075    -0.09787    -0.08657    -0.07357    -0.05911    -0.04369    -0.02829    -0.01444   -0.004194           0

           0   -0.004634    -0.01577    -0.03059    -0.04678    -0.06273    -0.07748    -0.09055     -0.1018     -0.1112     -0.1191     -0.1254     -0.1305     -0.1345     -0.1376       -0.14     -0.1417     -0.1429     -0.1435     -0.1438     -0.1435     -0.1429     -0.1417       -0.14     -0.1377     -0.1345     -0.1305     -0.1254     -0.1191     -0.1113     -0.1018    -0.09056    -0.07749    -0.06274    -0.04679    -0.03059    -0.01577   -0.004635           0

           0   -0.005126    -0.01721    -0.03298    -0.04987    -0.06621    -0.08108    -0.09406     -0.1051     -0.1143     -0.1218     -0.1279     -0.1327     -0.1365     -0.1394     -0.1416     -0.1432     -0.1443      -0.145     -0.1452      -0.145     -0.1443     -0.1433     -0.1417     -0.1394     -0.1365     -0.1327     -0.1279     -0.1218     -0.1143     -0.1051    -0.09407    -0.08109    -0.06622    -0.04988    -0.03298    -0.01721   -0.005127           0

           0   -0.005682    -0.01877    -0.03545    -0.05292    -0.06947    -0.08425    -0.09696     -0.1076     -0.1164     -0.1235     -0.1292     -0.1337     -0.1373       -0.14      -0.142     -0.1435     -0.1445      -0.145     -0.1452     -0.1451     -0.1445     -0.1435      -0.142       -0.14     -0.1373     -0.1337     -0.1292     -0.1235     -0.1164     -0.1076    -0.09697    -0.08426    -0.06948    -0.05292    -0.03545    -0.01877   -0.005683           0

           0    -0.00632    -0.02045    -0.03798    -0.05585    -0.07239    -0.08686    -0.09909     -0.1092     -0.1174     -0.1241     -0.1293     -0.1334     -0.1367     -0.1391      -0.141     -0.1423     -0.1432     -0.1437     -0.1439     -0.1437     -0.1432     -0.1423      -0.141     -0.1391     -0.1367     -0.1335     -0.1293     -0.1241     -0.1174     -0.1092     -0.0991    -0.08687     -0.0724    -0.05586    -0.03798    -0.02046    -0.00632           0

           0   -0.007062    -0.02229    -0.04054    -0.05858    -0.07483    -0.08874     -0.1003     -0.1097     -0.1172     -0.1233      -0.128     -0.1317     -0.1346     -0.1368     -0.1384     -0.1396     -0.1404     -0.1408      -0.141     -0.1408     -0.1404     -0.1396     -0.1384     -0.1368     -0.1346     -0.1317      -0.128     -0.1233     -0.1173     -0.1097     -0.1003    -0.08875    -0.07484    -0.05859    -0.04054    -0.02229   -0.007063           0

           0   -0.007939    -0.02427    -0.04306    -0.06097    -0.07663    -0.08969     -0.1003     -0.1089     -0.1156      -0.121     -0.1251     -0.1284     -0.1309     -0.1328     -0.1342     -0.1352     -0.1358     -0.1362     -0.1364     -0.1362     -0.1358     -0.1352     -0.1342     -0.1328     -0.1309     -0.1284     -0.1251      -0.121     -0.1156     -0.1089     -0.1003     -0.0897    -0.07663    -0.06098    -0.04306    -0.02427    -0.00794           0

           0   -0.008989    -0.02639    -0.04544    -0.06284    -0.07753    -0.08947    -0.09898     -0.1065     -0.1124      -0.117     -0.1205     -0.1233     -0.1254     -0.1269     -0.1281      -0.129     -0.1295     -0.1298       -0.13     -0.1298     -0.1295      -0.129     -0.1281      -0.127     -0.1254     -0.1233     -0.1205      -0.117     -0.1124     -0.1065    -0.09899    -0.08947    -0.07753    -0.06284    -0.04544     -0.0264   -0.008989           0

           0    -0.01025    -0.02861    -0.04749    -0.06391    -0.07724    -0.08777    -0.09597     -0.1023     -0.1073     -0.1111      -0.114     -0.1162     -0.1179     -0.1192     -0.1202     -0.1208     -0.1213     -0.1215     -0.1216     -0.1215     -0.1213     -0.1208     -0.1202     -0.1192     -0.1179     -0.1162      -0.114     -0.1111     -0.1073     -0.1023    -0.09598    -0.08777    -0.07725    -0.06391    -0.04749    -0.02861    -0.01025           0

           0    -0.01177     -0.0308    -0.04894    -0.06382    -0.07539    -0.08424    -0.09099    -0.09613     -0.1001     -0.1031     -0.1054     -0.1071     -0.1084     -0.1094     -0.1101     -0.1107      -0.111     -0.1112     -0.1113     -0.1112      -0.111     -0.1107     -0.1102     -0.1094     -0.1084     -0.1071     -0.1054     -0.1031     -0.1001    -0.09614    -0.09099    -0.08425    -0.07539    -0.06382    -0.04894     -0.0308    -0.01177           0

           0    -0.01355     -0.0327    -0.04932    -0.06206    -0.07151     -0.0785     -0.0837     -0.0876    -0.09054    -0.09277    -0.09446    -0.09574     -0.0967    -0.09742    -0.09795    -0.09832    -0.09857    -0.09871    -0.09875    -0.09871    -0.09857    -0.09832    -0.09795    -0.09742    -0.09671    -0.09574    -0.09447    -0.09278    -0.09055     -0.0876     -0.0837     -0.0785    -0.07151    -0.06206    -0.04932     -0.0327    -0.01355           0

           0    -0.01548    -0.03381    -0.04796    -0.05798    -0.06503    -0.07007    -0.07374    -0.07645    -0.07846    -0.07998    -0.08112    -0.08197    -0.08261    -0.08309    -0.08344    -0.08368    -0.08385    -0.08394    -0.08397    -0.08394    -0.08385    -0.08369    -0.08344    -0.08309    -0.08262    -0.08197    -0.08112    -0.07998    -0.07846    -0.07645    -0.07374    -0.07007    -0.06503    -0.05798    -0.04796    -0.03381    -0.01548           0

           0    -0.01717     -0.0332    -0.04386    -0.05075    -0.05533    -0.05849    -0.06074    -0.06238    -0.06358    -0.06448    -0.06515    -0.06565    -0.06603     -0.0663     -0.0665    -0.06664    -0.06674    -0.06679    -0.06681    -0.06679    -0.06674    -0.06665     -0.0665     -0.0663    -0.06603    -0.06565    -0.06515    -0.06448    -0.06358    -0.06238    -0.06074    -0.05849    -0.05533    -0.05075    -0.04386     -0.0332    -0.01717           0

           0    -0.01755    -0.02927    -0.03568    -0.03938     -0.0417    -0.04326    -0.04434    -0.04511    -0.04568    -0.04609     -0.0464    -0.04663    -0.04681    -0.04693    -0.04702    -0.04709    -0.04713    -0.04715    -0.04716    -0.04715    -0.04713    -0.04709    -0.04702    -0.04693    -0.04681    -0.04663     -0.0464    -0.04609    -0.04568    -0.04511    -0.04434    -0.04326    -0.04171    -0.03938    -0.03568    -0.02927    -0.01755           0

           0    -0.01394    -0.01944    -0.02169    -0.02281    -0.02347     -0.0239    -0.02419    -0.02439    -0.02454    -0.02465    -0.02473    -0.02479    -0.02483    -0.02487    -0.02489    -0.02491    -0.02492    -0.02492    -0.02492    -0.02492    -0.02492    -0.02491    -0.02489    -0.02487    -0.02483    -0.02479    -0.02473    -0.02465    -0.02454    -0.02439    -0.02419     -0.0239    -0.02347    -0.02281    -0.02169    -0.01944    -0.01394           0

           0           0           0           0           0           0           0           0           0           0           0           0           0           0           0           0           0           0           0           0           0           0           0           0           0           0           0           0           0           0           0           0           0           0           0           0           0           0           0

