

FINAL STREAMFUNCTION - in row major format (rows divided by a blank line)

           0           0           0           0           0           0           0           0           0           0           0           0           0           0           0           0           0           0           0           0           0           0           0           0           0           0           0           0           0           0           0           0           0           0           0           0           0           0           0

           0   1.923e-06   2.279e-06   -7.85e-07  -7.529e-06  -1.757e-05   -3.03e-05  -4.502e-05  -6.106e-05  -7.779e-05   -9.46e-05   -0.000111  -0.0001265  -0.0001407  -0.0001532  -0.0001639  -0.0001724  -0.0001786  -0.0001824  -0.0001837  -0.0001824  -0.0001787  -0.0001725  -0.0001641  -0.0001534  -0.0001409  -0.0001267  -0.0001112   -9.48e-05  -7.796e-05   -6.12e-05  -4.512e-05  -3.036e-05   -1.76e-05  -7.528e-06  -7.693e-07   2.296e-06   1.932e-06           0

           0   2.339e-06  -1.999e-06  -1.738e-05  -4.457e-05  -8.257e-05  -0.0001295  -0.0001833  -0.0002416  -0.0003023  -0.0003632  -0.0004226  -0.0004788  -0.0005304   -0.000576  -0.0006147  -0.0006456  -0.0006682   -0.000682  -0.0006867  -0.0006822  -0.0006686  -0.0006462  -0.0006154  -0.0005768  -0.0005312  -0.0004797  -0.0004235   -0.000364  -0.0003029  -0.0002422  -0.0001837  -0.0001298  -8.273e-05  -4.463e-05  -1.737e-05  -1.971e-06   2.357e-06           0

           0  -5.444e-07  -1.709e-05  -5.572e-05  -0.0001174  -0.0002002  -0.0003006  -0.0004144  -0.0005373  -0.0006649  -0.0007929  -0.0009175   -0.001035   -0.001144   -0.001239   -0.001321   -0.001386   -0.001433   -0.001462   -0.001472   -0.001462   -0.001434   -0.001387   -0.001322   -0.001241   -0.001145   -0.001037  -0.0009194  -0.0007946  -0.0006664  -0.0005386  -0.0004154  -0.0003013  -0.0002006  -0.0001176  -5.578e-05  -1.708e-05   -5.24e-07           0

           0  -7.032e-06  -4.402e-05  -0.0001174  -0.0002277  -0.0003714  -0.0005431  -0.0007362  -0.0009435   -0.001158   -0.001373   -0.001582   -0.001779   -0.001961   -0.002121   -0.002257   -0.002366   -0.002445   -0.002494    -0.00251   -0.002494   -0.002447   -0.002368    -0.00226   -0.002124   -0.001964   -0.001783   -0.001585   -0.001376   -0.001161  -0.0009458   -0.000738  -0.0005445  -0.0003723  -0.0002282  -0.0001177  -4.407e-05  -7.022e-06           0

           0  -1.692e-05  -8.252e-05  -0.0002022   -0.000375  -0.0005954  -0.0008554   -0.001145   -0.001455   -0.001775   -0.002095   -0.002405   -0.002699   -0.002967   -0.003205   -0.003407   -0.003568   -0.003686   -0.003757   -0.003782   -0.003758   -0.003688   -0.003571    -0.00341   -0.003209   -0.002972   -0.002703    -0.00241   -0.002099   -0.001779   -0.001459   -0.001148  -0.0008577   -0.000597  -0.0003759  -0.0002027  -8.267e-05  -1.694e-05           0

           0  -2.991e-05  -0.0001319  -0.0003091  -0.0005581  -0.0008705   -0.001235   -0.001639   -0.002069   -0.002512   -0.002953   -0.003381   -0.003784   -0.004154    -0.00448   -0.004757   -0.004979   -0.005141   -0.005239   -0.005273   -0.005241   -0.005143   -0.004983   -0.004763   -0.004487    -0.00416   -0.003791   -0.003388   -0.002959   -0.002518   -0.002075   -0.001644   -0.001239  -0.0008729  -0.0005596  -0.0003099  -0.0001322  -2.996e-05           0

           0  -4.573e-05  -0.0001915  -0.0004371  -0.0007757   -0.001195   -0.001681   -0.002217   -0.002784   -0.003365   -0.003944   -0.004504   -0.005032   -0.005514   -0.005941   -0.006303   -0.006592   -0.006802   -0.006931   -0.006975   -0.006933   -0.006806   -0.006597    -0.00631   -0.005949   -0.005524   -0.005041   -0.004513   -0.003953   -0.003373   -0.002791   -0.002223   -0.001686   -0.001199   -0.000778  -0.0004384   -0.000192  -4.584e-05           0

           0  -6.422e-05   -0.000261  -0.0005857   -0.001027    -0.00157   -0.002193   -0.002876   -0.003598   -0.004335   -0.005067   -0.005775    -0.00644   -0.007049   -0.007586    -0.00804   -0.008404   -0.008669    -0.00883   -0.008885   -0.008833   -0.008674   -0.008411    -0.00805   -0.007596    -0.00706   -0.006453   -0.005787   -0.005079   -0.004346   -0.003607   -0.002885     -0.0022   -0.001574   -0.001031  -0.0005875  -0.0002617  -6.439e-05           0

           0   -8.53e-05  -0.0003401  -0.0007549   -0.001313   -0.001994   -0.002771    -0.00362   -0.004513   -0.005423   -0.006325   -0.007195   -0.008013   -0.008758   -0.009416   -0.009973    -0.01042    -0.01074    -0.01094    -0.01101    -0.01094    -0.01075    -0.01043   -0.009984    -0.00943   -0.008773   -0.008028   -0.007211    -0.00634   -0.005437   -0.004526   -0.003631    -0.00278      -0.002   -0.001317  -0.0007573  -0.0003412  -8.556e-05           0

           0   -0.000109  -0.0004292  -0.0009451   -0.001634   -0.002469   -0.003419   -0.004451   -0.005534   -0.006634   -0.007723   -0.008771   -0.009754    -0.01065    -0.01144    -0.01211    -0.01264    -0.01303    -0.01326    -0.01334    -0.01327    -0.01303    -0.01265    -0.01212    -0.01145    -0.01067   -0.009773    -0.00879   -0.007741   -0.006652    -0.00555   -0.004465    -0.00343   -0.002477    -0.00164  -0.0009483  -0.0004307  -0.0001094           0

           0  -0.0001355  -0.0005288   -0.001158   -0.001992   -0.002999   -0.004139   -0.005375   -0.006666   -0.007975   -0.009267    -0.01051    -0.01167    -0.01273    -0.01366    -0.01445    -0.01507    -0.01553    -0.01581     -0.0159    -0.01581    -0.01554    -0.01509    -0.01446    -0.01368    -0.01275     -0.0117    -0.01053    -0.00929   -0.007997   -0.006685   -0.005391   -0.004153   -0.003009   -0.001999   -0.001162  -0.0005307   -0.000136           0

           0  -0.0001651  -0.0006397   -0.001394   -0.002391   -0.003587   -0.004938   -0.006397   -0.007917   -0.009455    -0.01097    -0.01242    -0.01378    -0.01501     -0.0161    -0.01701    -0.01774    -0.01827    -0.01859     -0.0187     -0.0186    -0.01828    -0.01775    -0.01703    -0.01612    -0.01504    -0.01381    -0.01245      -0.011    -0.00948    -0.00794   -0.006417   -0.004954   -0.003599   -0.002399   -0.001399  -0.0006421  -0.0001657           0

           0  -0.0001979  -0.0007631   -0.001657   -0.002833   -0.004239   -0.005822   -0.007526   -0.009297    -0.01108    -0.01284    -0.01452    -0.01609    -0.01751    -0.01875     -0.0198    -0.02064    -0.02125    -0.02162    -0.02174    -0.02162    -0.02126    -0.02066    -0.01983    -0.01878    -0.01754    -0.01612    -0.01455    -0.01287    -0.01111   -0.009324   -0.007549   -0.005841   -0.004254   -0.002843   -0.001663   -0.000766  -0.0001987           0

           0  -0.0002345  -0.0009004   -0.001949   -0.003324   -0.004962     -0.0068   -0.008772    -0.01082    -0.01287    -0.01489    -0.01681    -0.01861    -0.02023    -0.02165    -0.02285     -0.0238    -0.02449    -0.02491    -0.02505    -0.02491     -0.0245    -0.02382    -0.02287    -0.02168    -0.02026    -0.01864    -0.01685    -0.01493    -0.01291    -0.01085   -0.008799   -0.006822   -0.004979   -0.003336   -0.001956   -0.000904  -0.0002355           0

           0  -0.0002754   -0.001053   -0.002274   -0.003868   -0.005762    -0.00788    -0.01015    -0.01249    -0.01484    -0.01713    -0.01932    -0.02135    -0.02319     -0.0248    -0.02615    -0.02722    -0.02799    -0.02847    -0.02863    -0.02847    -0.02801    -0.02724    -0.02617    -0.02483    -0.02323     -0.0214    -0.01936    -0.01718    -0.01488    -0.01252    -0.01018   -0.007906   -0.005783   -0.003883   -0.002283   -0.001058  -0.0002765           0

           0  -0.0003211   -0.001224   -0.002636   -0.004473   -0.006649   -0.009074    -0.01166    -0.01432    -0.01699    -0.01959    -0.02206    -0.02434     -0.0264     -0.0282    -0.02971    -0.03091    -0.03178     -0.0323    -0.03248    -0.03231     -0.0318    -0.03094    -0.02975    -0.02824    -0.02645    -0.02439     -0.0221    -0.01963    -0.01703    -0.01436     -0.0117   -0.009103   -0.006672    -0.00449   -0.002646   -0.001229  -0.0003224           0

           0  -0.0003723   -0.001415   -0.003039   -0.005145   -0.007631    -0.01039    -0.01333    -0.01634    -0.01934    -0.02226    -0.02503    -0.02758    -0.02988    -0.03188    -0.03356    -0.03488    -0.03584    -0.03643    -0.03663    -0.03644    -0.03586    -0.03491    -0.03359    -0.03192    -0.02993    -0.02763    -0.02508    -0.02231    -0.01939    -0.01638    -0.01337    -0.01042   -0.007657   -0.005164    -0.00305    -0.00142  -0.0003738           0

           0  -0.0004298   -0.001628   -0.003488   -0.005891   -0.008717    -0.01184    -0.01516    -0.01854    -0.02191    -0.02517    -0.02824    -0.03108    -0.03362    -0.03583    -0.03768    -0.03914    -0.04019    -0.04083    -0.04105    -0.04084    -0.04021    -0.03917    -0.03772    -0.03588    -0.03367    -0.03114     -0.0283    -0.02522    -0.02196    -0.01859     -0.0152    -0.01188   -0.008746   -0.005912     -0.0035   -0.001634  -0.0004315           0

           0  -0.0004943   -0.001866   -0.003988   -0.006719   -0.009918    -0.01344    -0.01716    -0.02095     -0.0247    -0.02831    -0.03171    -0.03484    -0.03763    -0.04005    -0.04206    -0.04365     -0.0448     -0.0455    -0.04573    -0.04551    -0.04483    -0.04369    -0.04211     -0.0401    -0.03768     -0.0349    -0.03178    -0.02837    -0.02476      -0.021    -0.01721    -0.01348   -0.009949   -0.006742   -0.004002   -0.001873  -0.0004962           0

           0  -0.0005669   -0.002133   -0.004545   -0.007638    -0.01124     -0.0152    -0.01935    -0.02356    -0.02771     -0.0317    -0.03543    -0.03884    -0.04189    -0.04451     -0.0467    -0.04842    -0.04966    -0.05041    -0.05066    -0.05042    -0.04968    -0.04846    -0.04675    -0.04457    -0.04195    -0.03891     -0.0355    -0.03176    -0.02777    -0.02362     -0.0194    -0.01524    -0.01128   -0.007662    -0.00456   -0.002141   -0.000569           0

           0  -0.0006486   -0.002432   -0.005166   -0.008655     -0.0127    -0.01712    -0.02173    -0.02639    -0.03095    -0.03531    -0.03938    -0.04309    -0.04637     -0.0492    -0.05155    -0.05339    -0.05472    -0.05552    -0.05579    -0.05553    -0.05474    -0.05343     -0.0516    -0.04926    -0.04644    -0.04315    -0.03945    -0.03538    -0.03102    -0.02645    -0.02179    -0.01717    -0.01274   -0.008681   -0.005182    -0.00244  -0.0006508           0

           0  -0.0007407   -0.002766   -0.005856   -0.009779     -0.0143    -0.01921    -0.02431    -0.02943    -0.03441    -0.03915    -0.04354    -0.04753    -0.05105    -0.05407    -0.05656    -0.05852    -0.05992    -0.06077    -0.06105    -0.06078    -0.05995    -0.05856    -0.05661    -0.05413    -0.05111     -0.0476    -0.04362    -0.03922    -0.03448    -0.02949    -0.02437    -0.01926    -0.01434   -0.009806   -0.005873   -0.002775   -0.000743           0

           0  -0.0008445    -0.00314   -0.006623    -0.01102    -0.01606    -0.02149    -0.02709    -0.03267    -0.03807    -0.04317    -0.04788    -0.05212    -0.05585    -0.05904    -0.06167    -0.06371    -0.06518    -0.06607    -0.06637    -0.06608    -0.06521    -0.06375    -0.06172     -0.0591    -0.05592    -0.05219    -0.04795    -0.04325    -0.03814    -0.03273    -0.02715    -0.02154    -0.01609    -0.01105   -0.006641   -0.003149  -0.0008469           0

           0  -0.0009618   -0.003559   -0.007475    -0.01238    -0.01796    -0.02394    -0.03005    -0.03609    -0.04189    -0.04734    -0.05233     -0.0568    -0.06071    -0.06403    -0.06676    -0.06888    -0.07039    -0.07131    -0.07161    -0.07132    -0.07042    -0.06892    -0.06681    -0.06409    -0.06078    -0.05687     -0.0524    -0.04741    -0.04197    -0.03615    -0.03011    -0.02399      -0.018    -0.01241   -0.007493   -0.003568  -0.0009642           0

           0   -0.001095   -0.004029    -0.00842    -0.01388    -0.02003    -0.02656    -0.03317    -0.03966    -0.04583    -0.05158    -0.05681    -0.06146     -0.0655    -0.06892    -0.07171    -0.07388    -0.07542    -0.07634    -0.07666    -0.07636    -0.07544    -0.07391    -0.07176    -0.06898    -0.06557    -0.06153    -0.05688    -0.05165     -0.0459    -0.03972    -0.03323    -0.02661    -0.02007    -0.01391   -0.008438   -0.004038   -0.001097           0

           0   -0.001246   -0.004558   -0.009469    -0.01551    -0.02226    -0.02934    -0.03644    -0.04332    -0.04981     -0.0558     -0.0612    -0.06597    -0.07009    -0.07355    -0.07636    -0.07854    -0.08008      -0.081    -0.08132    -0.08102     -0.0801    -0.07857    -0.07641    -0.07361    -0.07015    -0.06604    -0.06127    -0.05587    -0.04988    -0.04338    -0.03649    -0.02938     -0.0223    -0.01554   -0.009486   -0.004566   -0.001249           0

           0    -0.00142   -0.005154    -0.01063     -0.0173    -0.02464    -0.03225    -0.03978      -0.047    -0.05374    -0.05988    -0.06537    -0.07017    -0.07429    -0.07773    -0.08051    -0.08265    -0.08417    -0.08507    -0.08538    -0.08509    -0.08419    -0.08269    -0.08056    -0.07779    -0.07435    -0.07024    -0.06543    -0.05994     -0.0538    -0.04706    -0.03984    -0.03229    -0.02468    -0.01732    -0.01065   -0.005162   -0.001422           0

           0   -0.001622   -0.005832    -0.01193    -0.01923    -0.02716    -0.03524    -0.04314    -0.05059    -0.05745    -0.06364    -0.06911    -0.07385    -0.07789    -0.08123    -0.08392    -0.08598    -0.08744     -0.0883    -0.08859    -0.08831    -0.08746    -0.08601    -0.08397    -0.08128    -0.07794    -0.07391    -0.06917     -0.0637    -0.05751    -0.05065    -0.04319    -0.03529    -0.02719    -0.01925    -0.01194   -0.005839   -0.001624           0

           0   -0.001859   -0.006608    -0.01337    -0.02132    -0.02978    -0.03826    -0.04638    -0.05393    -0.06078    -0.06687    -0.07219    -0.07676    -0.08061    -0.08378    -0.08631    -0.08824     -0.0896    -0.09041    -0.09068    -0.09042    -0.08962    -0.08827    -0.08635    -0.08383    -0.08066    -0.07682    -0.07225    -0.06693    -0.06084    -0.05398    -0.04643     -0.0383    -0.02981    -0.02134    -0.01338   -0.006615   -0.001861           0

           0   -0.002145   -0.007507    -0.01497    -0.02354    -0.03245    -0.04117    -0.04936    -0.05682    -0.06347     -0.0693    -0.07432    -0.07858    -0.08214    -0.08505    -0.08736    -0.08911    -0.09034    -0.09106    -0.09131    -0.09107    -0.09035    -0.08914    -0.08739    -0.08509    -0.08219    -0.07863    -0.07437    -0.06934    -0.06352    -0.05686     -0.0494    -0.04121    -0.03248    -0.02356    -0.01498   -0.007513   -0.002147           0

           0   -0.002499   -0.008562    -0.01675    -0.02586    -0.03506    -0.04381    -0.05181    -0.05895    -0.06518    -0.07056    -0.07512    -0.07895    -0.08212    -0.08468    -0.08671    -0.08823    -0.08929    -0.08992    -0.09013    -0.08993    -0.08931    -0.08825    -0.08673    -0.08472    -0.08216    -0.07899    -0.07516     -0.0706    -0.06522    -0.05898    -0.05184    -0.04383    -0.03508    -0.02588    -0.01675   -0.008566     -0.0025           0

           0   -0.002953   -0.009813    -0.01869    -0.02818     -0.0374    -0.04587    -0.05339    -0.05991     -0.0655    -0.07022    -0.07417    -0.07745    -0.08012    -0.08227    -0.08395    -0.08522    -0.08609    -0.08661    -0.08678    -0.08662    -0.08611    -0.08523    -0.08398     -0.0823    -0.08015    -0.07748    -0.07421    -0.07025    -0.06553    -0.05994    -0.05341    -0.04589    -0.03742     -0.0282     -0.0187   -0.009817   -0.002954           0

           0   -0.003558     -0.0113    -0.02075     -0.0303    -0.03913    -0.04691    -0.05357    -0.05919    -0.06388    -0.06776    -0.07096    -0.07358    -0.07569    -0.07738    -0.07869    -0.07967    -0.08034    -0.08074    -0.08087    -0.08075    -0.08035    -0.07968    -0.07871     -0.0774    -0.07572     -0.0736    -0.07099    -0.06779     -0.0639    -0.05921    -0.05359    -0.04692    -0.03914    -0.03031    -0.02075     -0.0113   -0.003559           0

           0   -0.004394    -0.01303    -0.02269    -0.03176    -0.03964    -0.04623    -0.05164    -0.05605    -0.05964    -0.06256    -0.06492    -0.06682    -0.06834    -0.06955    -0.07047    -0.07116    -0.07164    -0.07192    -0.07201    -0.07192    -0.07165    -0.07117    -0.07049    -0.06956    -0.06836    -0.06684    -0.06493    -0.06258    -0.05966    -0.05607    -0.05165    -0.04624    -0.03965    -0.03177    -0.02269    -0.01303   -0.004394           0

           0   -0.005544    -0.01479    -0.02394     -0.0317    -0.03792     -0.0428    -0.04663    -0.04964    -0.05202    -0.05391    -0.05542    -0.05662    -0.05757    -0.05831    -0.05888    -0.05931     -0.0596    -0.05977    -0.05982    -0.05977     -0.0596    -0.05931    -0.05889    -0.05832    -0.05758    -0.05663    -0.05543    -0.05392    -0.05203    -0.04965    -0.04663    -0.04281    -0.03792     -0.0317    -0.02394    -0.01479   -0.005544           0

           0   -0.006913    -0.01578    -0.02307    -0.02846    -0.03235    -0.03519     -0.0373    -0.03889    -0.04012    -0.04107    -0.04182    -0.04241    -0.04287    -0.04323    -0.04351    -0.04371    -0.04385    -0.04393    -0.04396    -0.04393    -0.04385    -0.04371    -0.04351    -0.04324    -0.04288    -0.04241    -0.04183    -0.04108    -0.04012    -0.03889     -0.0373    -0.03519    -0.03235    -0.02846    -0.02307    -0.01578   -0.006913           0

           0   -0.007281    -0.01329    -0.01701    -0.01924    -0.02065    -0.02157    -0.02222    -0.02269    -0.02304    -0.02331    -0.02352    -0.02368    -0.02381    -0.02391    -0.02398    -0.02403    -0.02407    -0.02409     -0.0241    -0.02409    -0.02407    -0.02403    -0.02398    -0.02391    -0.02381    -0.02368    -0.02352    -0.02331    -0.02305    -0.02269    -0.02222    -0.02157    -0.02065    -0.01924    -0.01701    -0.01329   -0.007281           0

           0           0           0           0           0           0           0           0           0           0           0           0           0           0           0           0           0           0           0           0           0           0           0           0           0           0           0           0           0           0           0           0           0           0           0           0           0           0           0

