

FINAL STREAMFUNCTION - in row major format (rows divided by a blank line)

           0           0           0           0           0           0           0           0           0           0           0           0           0           0           0           0           0           0           0           0           0           0           0           0           0           0           0           0           0           0           0           0           0           0           0           0           0           0           0

           0   1.205e-06  -3.079e-07  -5.509e-06  -1.397e-05   -2.49e-05  -3.747e-05  -5.097e-05  -6.479e-05  -7.845e-05  -9.157e-05  -0.0001039  -0.0001151  -0.0001251  -0.0001338   -0.000141  -0.0001466  -0.0001507  -0.0001532   -0.000154  -0.0001532  -0.0001508  -0.0001467   -0.000141  -0.0001338  -0.0001252  -0.0001152  -0.0001039  -9.165e-05  -7.852e-05  -6.485e-05  -5.102e-05   -3.75e-05  -2.491e-05  -1.397e-05  -5.499e-06  -2.976e-07    1.21e-06           0

           0  -2.647e-07  -1.001e-05  -3.111e-05  -6.242e-05  -0.0001017  -0.0001464  -0.0001943  -0.0002434   -0.000292  -0.0003388  -0.0003827  -0.0004229  -0.0004587  -0.0004898  -0.0005156   -0.000536  -0.0005507  -0.0005596  -0.0005625  -0.0005596  -0.0005508  -0.0005361  -0.0005158    -0.00049   -0.000459  -0.0004232   -0.000383  -0.0003391  -0.0002923  -0.0002437  -0.0001946  -0.0001466  -0.0001018  -6.245e-05   -3.11e-05  -9.988e-06  -2.533e-07           0

           0  -5.374e-06  -3.103e-05  -7.854e-05  -0.0001455  -0.0002276  -0.0003204  -0.0004194  -0.0005207   -0.000621  -0.0007176  -0.0008083  -0.0008915  -0.0009657    -0.00103   -0.001084   -0.001126   -0.001156   -0.001175   -0.001181   -0.001175   -0.001156   -0.001126   -0.001084   -0.001031  -0.0009663  -0.0008921   -0.000809  -0.0007183  -0.0006217  -0.0005213  -0.0004199  -0.0003208  -0.0002278  -0.0001456  -7.857e-05  -3.102e-05   -5.36e-06           0

           0  -1.379e-05   -6.26e-05  -0.0001462  -0.0002601  -0.0003976  -0.0005517  -0.0007154  -0.0008826   -0.001048   -0.001208   -0.001357   -0.001494   -0.001617   -0.001723   -0.001812   -0.001882   -0.001932   -0.001962   -0.001973   -0.001963   -0.001932   -0.001882   -0.001813   -0.001724   -0.001618   -0.001496   -0.001359   -0.001209   -0.001049  -0.0008837  -0.0007163  -0.0005524  -0.0003981  -0.0002603  -0.0001463  -6.262e-05  -1.378e-05           0

           0   -2.49e-05  -0.0001032  -0.0002314  -0.0004022   -0.000606  -0.0008327   -0.001073   -0.001317   -0.001559   -0.001792   -0.002011   -0.002211    -0.00239   -0.002545   -0.002675   -0.002776    -0.00285   -0.002895    -0.00291   -0.002895   -0.002851   -0.002777   -0.002676   -0.002547   -0.002392   -0.002213   -0.002013   -0.001794   -0.001561   -0.001319   -0.001074  -0.0008338  -0.0006068  -0.0004027  -0.0002317  -0.0001032  -2.491e-05           0

           0  -3.816e-05  -0.0001512  -0.0003316  -0.0005681  -0.0008477   -0.001157   -0.001483   -0.001815   -0.002143   -0.002458   -0.002754   -0.003026   -0.003268   -0.003478   -0.003653   -0.003791    -0.00389   -0.003951   -0.003971   -0.003951   -0.003891   -0.003792   -0.003655    -0.00348    -0.00327   -0.003028   -0.002757   -0.002461   -0.002146   -0.001818   -0.001485   -0.001159   -0.000849  -0.0005689   -0.000332  -0.0001514  -3.818e-05           0

           0  -5.316e-05  -0.0002055  -0.0004446  -0.0007548   -0.001119    -0.00152   -0.001942    -0.00237   -0.002792   -0.003198   -0.003578   -0.003927   -0.004239   -0.004509   -0.004733   -0.004911   -0.005039   -0.005116   -0.005142   -0.005117    -0.00504   -0.004913   -0.004736   -0.004512   -0.004242   -0.003931   -0.003582   -0.003202   -0.002796   -0.002373   -0.001945   -0.001522   -0.001121   -0.000756  -0.0004453  -0.0002058  -5.321e-05           0

           0  -6.965e-05  -0.0002654  -0.0005692  -0.0009603   -0.001417   -0.001918   -0.002444   -0.002977   -0.003502   -0.004005   -0.004478   -0.004911   -0.005297   -0.005631    -0.00591   -0.006129   -0.006288   -0.006384   -0.006416   -0.006384   -0.006289   -0.006132   -0.005913   -0.005635   -0.005301   -0.004915   -0.004483    -0.00401   -0.003506   -0.002981   -0.002448   -0.001921   -0.001419  -0.0009619  -0.0005701  -0.0002658  -6.974e-05           0

           0  -8.751e-05  -0.0003304  -0.0007046   -0.001184   -0.001741   -0.002351    -0.00299   -0.003635   -0.004271    -0.00488   -0.005451   -0.005973   -0.006439   -0.006843   -0.007179   -0.007444   -0.007635    -0.00775   -0.007789   -0.007751   -0.007637   -0.007447   -0.007183   -0.006848   -0.006445   -0.005979   -0.005457   -0.004886   -0.004277   -0.003641   -0.002995   -0.002355   -0.001744   -0.001186  -0.0007059  -0.0003309  -8.764e-05           0

           0  -0.0001068  -0.0004006  -0.0008511   -0.001426   -0.002092   -0.002819   -0.003579   -0.004347   -0.005101   -0.005823     -0.0065   -0.007118   -0.007669   -0.008146   -0.008543   -0.008856   -0.009081   -0.009218   -0.009264   -0.009219   -0.009084   -0.008859   -0.008548   -0.008152   -0.007676   -0.007125   -0.006507   -0.005831   -0.005108   -0.004354   -0.003585   -0.002824   -0.002096   -0.001428  -0.0008527  -0.0004013  -0.0001069           0

           0  -0.0001275  -0.0004764   -0.001009   -0.001687   -0.002471   -0.003325   -0.004216   -0.005115   -0.005996    -0.00684   -0.007629    -0.00835   -0.008992   -0.009547    -0.01001    -0.01037    -0.01063    -0.01079    -0.01085    -0.01079    -0.01064    -0.01038    -0.01001   -0.009553   -0.008999   -0.008358   -0.007638   -0.006849   -0.006005   -0.005123   -0.004224   -0.003331   -0.002476    -0.00169   -0.001011  -0.0004773  -0.0001277           0

           0  -0.0001498  -0.0005584   -0.001181    -0.00197   -0.002882   -0.003873   -0.004905   -0.005945   -0.006963   -0.007937   -0.008846   -0.009676    -0.01041    -0.01105    -0.01158      -0.012     -0.0123    -0.01248    -0.01254    -0.01248     -0.0123    -0.01201    -0.01159    -0.01106    -0.01042   -0.009686   -0.008857   -0.007948   -0.006974   -0.005955   -0.004914    -0.00388   -0.002887   -0.001974   -0.001183  -0.0005595  -0.0001501           0

           0  -0.0001741  -0.0006474   -0.001367   -0.002278   -0.003328   -0.004467   -0.005652   -0.006844    -0.00801   -0.009124    -0.01016    -0.01111    -0.01195    -0.01268    -0.01328    -0.01375    -0.01409     -0.0143    -0.01437     -0.0143     -0.0141    -0.01376    -0.01329    -0.01269    -0.01196    -0.01112    -0.01017   -0.009136   -0.008023   -0.006856   -0.005663   -0.004476   -0.003335   -0.002283    -0.00137  -0.0006488  -0.0001745           0

           0  -0.0002006  -0.0007446    -0.00157   -0.002614   -0.003814   -0.005116   -0.006467   -0.007824   -0.009149    -0.01041    -0.01159    -0.01266    -0.01361    -0.01443    -0.01511    -0.01564    -0.01603    -0.01626    -0.01634    -0.01626    -0.01603    -0.01565    -0.01512    -0.01444    -0.01362    -0.01267     -0.0116    -0.01043   -0.009163   -0.007837   -0.006479   -0.005126   -0.003823   -0.002619   -0.001573  -0.0007463   -0.000201           0

           0  -0.0002297  -0.0008515   -0.001793   -0.002982   -0.004349   -0.005827   -0.007359   -0.008894    -0.01039    -0.01182    -0.01314    -0.01434    -0.01541    -0.01633    -0.01709    -0.01769    -0.01812    -0.01838    -0.01846    -0.01838    -0.01812     -0.0177     -0.0171    -0.01634    -0.01543    -0.01436    -0.01316    -0.01183    -0.01041    -0.00891   -0.007373   -0.005839   -0.004358   -0.002989   -0.001797  -0.0008534  -0.0002302           0

           0  -0.0002619  -0.0009697    -0.00204    -0.00339   -0.004938    -0.00661   -0.008339    -0.01007    -0.01175    -0.01335    -0.01483    -0.01618    -0.01737    -0.01839    -0.01924     -0.0199    -0.02038    -0.02067    -0.02076    -0.02067    -0.02038    -0.01991    -0.01925    -0.01841    -0.01739     -0.0162    -0.01485    -0.01337    -0.01177    -0.01009   -0.008355   -0.006623   -0.004949   -0.003398   -0.002045   -0.000972  -0.0002625           0

           0  -0.0002978   -0.001101   -0.002315   -0.003843   -0.005592   -0.007477   -0.009422    -0.01136    -0.01325    -0.01503    -0.01669    -0.01818     -0.0195    -0.02064    -0.02157     -0.0223    -0.02283    -0.02315    -0.02325    -0.02315    -0.02283    -0.02231    -0.02158    -0.02065    -0.01952     -0.0182    -0.01671    -0.01506    -0.01327    -0.01138   -0.009441   -0.007492   -0.005604   -0.003852   -0.002321   -0.001104  -0.0002985           0

           0  -0.0003381   -0.001249   -0.002623    -0.00435   -0.006322   -0.008442    -0.01063     -0.0128     -0.0149    -0.01689    -0.01872    -0.02038    -0.02183    -0.02308    -0.02411    -0.02491    -0.02549    -0.02583    -0.02595    -0.02584    -0.02549    -0.02492    -0.02412     -0.0231    -0.02185     -0.0204    -0.01875    -0.01691    -0.01493    -0.01282    -0.01065    -0.00846   -0.006336    -0.00436    -0.00263   -0.001252  -0.0003389           0

           0  -0.0003838   -0.001416   -0.002971    -0.00492   -0.007141   -0.009523    -0.01197    -0.01439    -0.01673    -0.01893    -0.02096    -0.02278    -0.02438    -0.02575    -0.02687    -0.02774    -0.02837    -0.02875    -0.02887    -0.02875    -0.02838    -0.02775    -0.02688    -0.02576     -0.0244    -0.02281    -0.02098    -0.01896    -0.01676    -0.01442    -0.01199   -0.009543   -0.007157   -0.004932   -0.002978    -0.00142  -0.0003847           0

           0   -0.000436   -0.001607   -0.003367   -0.005567   -0.008067    -0.01074    -0.01347    -0.01617    -0.01876    -0.02119    -0.02342    -0.02542    -0.02717    -0.02865    -0.02987    -0.03082    -0.03149     -0.0319    -0.03204    -0.03191     -0.0315    -0.03083    -0.02989    -0.02867    -0.02719    -0.02545    -0.02345    -0.02122    -0.01879     -0.0162     -0.0135    -0.01076   -0.008085    -0.00558   -0.003375   -0.001611  -0.0004371           0

           0  -0.0004962   -0.001826    -0.00382   -0.006305   -0.009118    -0.01211    -0.01516    -0.01816    -0.02102     -0.0237    -0.02614    -0.02831    -0.03021    -0.03181    -0.03313    -0.03415    -0.03487    -0.03531    -0.03546    -0.03531    -0.03488    -0.03416    -0.03314    -0.03183    -0.03023    -0.02834    -0.02617    -0.02373    -0.02106    -0.01819    -0.01519    -0.01214   -0.009139    -0.00632   -0.003829   -0.001831  -0.0004975           0

           0  -0.0005663    -0.00208   -0.004343   -0.007152    -0.01032    -0.01367    -0.01706    -0.02038    -0.02354    -0.02647    -0.02912    -0.03148    -0.03352    -0.03524    -0.03665    -0.03774    -0.03851    -0.03897    -0.03913    -0.03898    -0.03852    -0.03775    -0.03667    -0.03527    -0.03355    -0.03151    -0.02915     -0.0265    -0.02357    -0.02042     -0.0171     -0.0137    -0.01034   -0.007169   -0.004353   -0.002086  -0.0005678           0

           0  -0.0006487   -0.002377    -0.00495   -0.008128    -0.01169    -0.01544    -0.01921    -0.02287    -0.02633    -0.02952    -0.03239    -0.03493    -0.03711    -0.03895    -0.04044    -0.04158     -0.0424    -0.04289    -0.04305    -0.04289    -0.04241     -0.0416    -0.04046    -0.03897    -0.03714    -0.03496    -0.03243    -0.02956    -0.02637    -0.02291    -0.01925    -0.01547    -0.01172   -0.008147   -0.004962   -0.002383  -0.0006504           0

           0  -0.0007464   -0.002726   -0.005658   -0.009259    -0.01327    -0.01745    -0.02163    -0.02566    -0.02943    -0.03287    -0.03596    -0.03866    -0.04098    -0.04291    -0.04447    -0.04567    -0.04652    -0.04703     -0.0472    -0.04703    -0.04653    -0.04569    -0.04449    -0.04294    -0.04101     -0.0387      -0.036    -0.03291    -0.02947     -0.0257    -0.02167    -0.01749    -0.01329    -0.00928   -0.005672   -0.002733  -0.0007483           0

           0  -0.0008631   -0.003139   -0.006488    -0.01057    -0.01507    -0.01974    -0.02434    -0.02874    -0.03283    -0.03652    -0.03981    -0.04266    -0.04509     -0.0471    -0.04872    -0.04996    -0.05083    -0.05135    -0.05152    -0.05136    -0.05084    -0.04997    -0.04874    -0.04713    -0.04512    -0.04269    -0.03985    -0.03657    -0.03287    -0.02879    -0.02439    -0.01977     -0.0151    -0.01059   -0.006503   -0.003147  -0.0008653           0

           0   -0.001003    -0.00363   -0.007461    -0.01209    -0.01714    -0.02231    -0.02737    -0.03214    -0.03652    -0.04045     -0.0439    -0.04687    -0.04938    -0.05145     -0.0531    -0.05436    -0.05524    -0.05577    -0.05594    -0.05577    -0.05525    -0.05437    -0.05312    -0.05147    -0.04941    -0.04691    -0.04394    -0.04049    -0.03656    -0.03218    -0.02741    -0.02235    -0.01717    -0.01211   -0.007478   -0.003638   -0.001006           0

           0   -0.001173   -0.004213   -0.008602    -0.01384    -0.01948    -0.02519    -0.03069    -0.03581    -0.04045    -0.04457    -0.04815     -0.0512    -0.05375    -0.05584    -0.05749    -0.05875    -0.05963    -0.06015    -0.06032    -0.06016    -0.05964    -0.05877    -0.05752    -0.05586    -0.05378    -0.05123    -0.04819    -0.04461     -0.0405    -0.03586    -0.03073    -0.02523    -0.01952    -0.01386   -0.008619   -0.004222   -0.001176           0

           0   -0.001379   -0.004908   -0.009934    -0.01584    -0.02211    -0.02835    -0.03426    -0.03969    -0.04454    -0.04878    -0.05242    -0.05549    -0.05803     -0.0601    -0.06173    -0.06295    -0.06381    -0.06431    -0.06448    -0.06432    -0.06382    -0.06297    -0.06174    -0.06012    -0.05806    -0.05552    -0.05246    -0.04882    -0.04459    -0.03974    -0.03431    -0.02839    -0.02215    -0.01587   -0.009952   -0.004917   -0.001381           0

           0    -0.00163   -0.005735    -0.01148    -0.01811    -0.02501    -0.03174      -0.038    -0.04365    -0.04861    -0.05288     -0.0565    -0.05952    -0.06199    -0.06398    -0.06554     -0.0667    -0.06751    -0.06799    -0.06815    -0.06799    -0.06752    -0.06672    -0.06555      -0.064    -0.06202    -0.05955    -0.05654    -0.05292    -0.04865    -0.04369    -0.03805    -0.03178    -0.02504    -0.01814     -0.0115   -0.005744   -0.001633           0

           0    -0.00194   -0.006719    -0.01326    -0.02063    -0.02811    -0.03524    -0.04173    -0.04746    -0.05241    -0.05659    -0.06009    -0.06296    -0.06529    -0.06715    -0.06859    -0.06966    -0.07041    -0.07084    -0.07099    -0.07084    -0.07041    -0.06968    -0.06861    -0.06717    -0.06532    -0.06299    -0.06012    -0.05663    -0.05245    -0.04751    -0.04177    -0.03528    -0.02815    -0.02065    -0.01328   -0.006729   -0.001943           0

           0   -0.002327   -0.007891    -0.01528    -0.02335     -0.0313    -0.03865    -0.04518    -0.05081    -0.05557    -0.05952    -0.06276     -0.0654    -0.06751    -0.06917    -0.07046     -0.0714    -0.07206    -0.07244    -0.07257    -0.07244    -0.07206    -0.07141    -0.07047    -0.06919    -0.06753    -0.06542     -0.0628    -0.05955     -0.0556    -0.05085    -0.04522    -0.03869    -0.03133    -0.02337     -0.0153   -0.007899   -0.002329           0

           0    -0.00282   -0.009282    -0.01752    -0.02615    -0.03433    -0.04165    -0.04794    -0.05322    -0.05758    -0.06114      -0.064     -0.0663    -0.06811    -0.06953    -0.07061    -0.07141    -0.07195    -0.07227    -0.07238    -0.07228    -0.07196    -0.07142    -0.07062    -0.06954    -0.06813    -0.06632    -0.06403    -0.06116    -0.05761    -0.05326    -0.04797    -0.04168    -0.03436    -0.02617    -0.01753   -0.009289   -0.002822           0

           0   -0.003468    -0.01092    -0.01988    -0.02877    -0.03681    -0.04369    -0.04941    -0.05406     -0.0578    -0.06079    -0.06315    -0.06502    -0.06648     -0.0676    -0.06846    -0.06908    -0.06951    -0.06976    -0.06984    -0.06976    -0.06951    -0.06909    -0.06847    -0.06761    -0.06649    -0.06503    -0.06317    -0.06081    -0.05783    -0.05409    -0.04943    -0.04372    -0.03683    -0.02879    -0.01989    -0.01093    -0.00347           0

           0   -0.004344    -0.01279    -0.02213    -0.03074    -0.03806    -0.04402    -0.04876    -0.05249    -0.05541    -0.05769    -0.05946    -0.06084     -0.0619    -0.06272    -0.06333    -0.06378    -0.06408    -0.06426    -0.06432    -0.06426    -0.06409    -0.06378    -0.06334    -0.06273    -0.06191    -0.06085    -0.05948    -0.05771    -0.05543    -0.05251    -0.04878    -0.04403    -0.03808    -0.03076    -0.02213    -0.01279   -0.004345           0

           0   -0.005527    -0.01468    -0.02364    -0.03112      -0.037    -0.04149    -0.04491    -0.04749    -0.04946    -0.05096    -0.05211    -0.05299    -0.05366    -0.05417    -0.05455    -0.05483    -0.05502    -0.05513    -0.05516    -0.05513    -0.05502    -0.05483    -0.05456    -0.05418    -0.05367      -0.053    -0.05212    -0.05097    -0.04947    -0.04751    -0.04492     -0.0415    -0.03701    -0.03113    -0.02364    -0.01468   -0.005527           0

           0   -0.006916    -0.01575    -0.02296    -0.02822    -0.03195    -0.03459     -0.0365    -0.03789    -0.03892    -0.03968    -0.04026    -0.04069    -0.04102    -0.04127    -0.04146    -0.04159    -0.04168    -0.04173    -0.04175    -0.04173    -0.04168    -0.04159    -0.04146    -0.04127    -0.04103     -0.0407    -0.04026    -0.03969    -0.03892    -0.03789     -0.0365     -0.0346    -0.03195    -0.02822    -0.02296    -0.01575   -0.006916           0

           0   -0.007287     -0.0133    -0.01699    -0.01919    -0.02055    -0.02143    -0.02202    -0.02243    -0.02273    -0.02295    -0.02311    -0.02323    -0.02332    -0.02339    -0.02344    -0.02347     -0.0235    -0.02351    -0.02351    -0.02351     -0.0235    -0.02347    -0.02344    -0.02339    -0.02332    -0.02323    -0.02311    -0.02295    -0.02273    -0.02243    -0.02202    -0.02143    -0.02055     -0.0192    -0.01699     -0.0133   -0.007287           0

           0           0           0           0           0           0           0           0           0           0           0           0           0           0           0           0           0           0           0           0           0           0           0           0           0           0           0           0           0           0           0           0           0           0           0           0           0           0           0

