
FINAL VORTICITY - in row major format (rows divided by a blank line)

           0   -0.008099    -0.01248   -0.005076     0.01611     0.05035     0.09576        0.15      0.2105      0.2748      0.3406      0.4055      0.4677      0.5253      0.5767      0.6207      0.6559      0.6818      0.6975      0.7028      0.6975      0.6818       0.656      0.6207      0.5768      0.5254      0.4678      0.4056      0.3406      0.2748      0.2105        0.15     0.09578     0.05036     0.01611   -0.005074    -0.01248     -0.0081           0

   -0.008099    0.003612     0.01533      0.0317     0.05525     0.08664      0.1253      0.1701      0.2194      0.2716      0.3247      0.3773      0.4277      0.4744      0.5161      0.5518      0.5805      0.6015      0.6144      0.6187      0.6144      0.6015      0.5805      0.5518      0.5161      0.4744      0.4277      0.3773      0.3248      0.2716      0.2195      0.1701      0.1254     0.08665     0.05526      0.0317     0.01533    0.003613     -0.0081

    -0.01269     0.01532     0.03848     0.06129     0.08655      0.1156      0.1488      0.1858      0.2256      0.2673      0.3096      0.3513      0.3913      0.4284      0.4615      0.4899      0.5128      0.5295      0.5398      0.5432      0.5398      0.5295      0.5128      0.4899      0.4615      0.4284      0.3913      0.3513      0.3096      0.2673      0.2256      0.1858      0.1488      0.1156     0.08656      0.0613     0.03848     0.01532     -0.0127

   -0.005964     0.03188     0.06197     0.08843       0.114      0.1405      0.1686      0.1985      0.2299      0.2623       0.295      0.3271      0.3578      0.3863      0.4118      0.4336      0.4512      0.4641       0.472      0.4746       0.472      0.4641      0.4512      0.4336      0.4118      0.3863      0.3578      0.3271       0.295      0.2624      0.2299      0.1985      0.1686      0.1405      0.1141     0.08845     0.06198     0.03189   -0.005962

     0.01425      0.0562     0.08911      0.1164      0.1407      0.1637      0.1865      0.2097      0.2333      0.2572       0.281      0.3043      0.3266      0.3472      0.3657      0.3815      0.3943      0.4037      0.4094      0.4114      0.4094      0.4037      0.3943      0.3815      0.3657      0.3472      0.3266      0.3043       0.281      0.2572      0.2333      0.2097      0.1866      0.1637      0.1407      0.1164     0.08912     0.05621     0.01426

     0.04788     0.08958      0.1218      0.1475      0.1687      0.1872      0.2042      0.2204      0.2364      0.2521      0.2676      0.2826       0.297      0.3103      0.3222      0.3325      0.3408       0.347      0.3507       0.352      0.3507       0.347      0.3408      0.3325      0.3222      0.3103       0.297      0.2826      0.2676      0.2521      0.2364      0.2205      0.2042      0.1872      0.1687      0.1475      0.1219     0.08959     0.04789

     0.09414      0.1324      0.1612      0.1829      0.1993      0.2121      0.2226      0.2316      0.2397      0.2473      0.2546      0.2616      0.2684      0.2747      0.2805      0.2855      0.2896      0.2926      0.2945      0.2951      0.2945      0.2926      0.2896      0.2855      0.2805      0.2747      0.2684      0.2616      0.2546      0.2473      0.2397      0.2316      0.2226      0.2122      0.1993      0.1829      0.1612      0.1324     0.09416

      0.1522      0.1846      0.2078      0.2235      0.2336      0.2395      0.2425      0.2435      0.2434      0.2427      0.2418       0.241      0.2403      0.2398      0.2395      0.2394      0.2394      0.2395      0.2395      0.2395      0.2395      0.2394      0.2394      0.2394      0.2395      0.2398      0.2402      0.2409      0.2418      0.2427      0.2434      0.2435      0.2425      0.2395      0.2336      0.2236      0.2078      0.1847      0.1522

      0.2214      0.2461      0.2618      0.2699      0.2721      0.2698      0.2643      0.2567      0.2478      0.2384      0.2291      0.2201      0.2119      0.2046      0.1983      0.1932      0.1892      0.1863      0.1846       0.184      0.1846      0.1863      0.1891      0.1932      0.1983      0.2046      0.2119      0.2201       0.229      0.2384      0.2478      0.2567      0.2643      0.2698      0.2721      0.2699      0.2618      0.2462      0.2214

      0.3012      0.3168      0.3233      0.3222       0.315      0.3033      0.2882       0.271      0.2527      0.2341      0.2159      0.1986      0.1826      0.1684      0.1561      0.1458      0.1377      0.1319      0.1285      0.1273      0.1284      0.1319      0.1377      0.1458       0.156      0.1683      0.1826      0.1985      0.2158      0.2341      0.2527       0.271      0.2882      0.3033      0.3151      0.3222      0.3233      0.3168      0.3013

      0.3915      0.3965      0.3923      0.3805      0.3626      0.3401      0.3143      0.2866      0.2579      0.2294      0.2017      0.1756      0.1517      0.1303      0.1117     0.09624     0.08407      0.0753     0.07001     0.06823        0.07     0.07528     0.08404      0.0962      0.1116      0.1302      0.1516      0.1756      0.2017      0.2293      0.2579      0.2865      0.3143      0.3401      0.3627      0.3806      0.3924      0.3965      0.3916

      0.4924      0.4853       0.469       0.445      0.4149      0.3802      0.3424       0.303       0.263      0.2237       0.186      0.1506      0.1182     0.08923     0.06421     0.04338     0.02697     0.01515     0.00802    0.005631    0.008007     0.01513     0.02694     0.04333     0.06415     0.08918      0.1181      0.1505      0.1859      0.2237       0.263      0.3029      0.3424      0.3802      0.4149       0.445      0.4691      0.4854      0.4924

      0.6039      0.5834      0.5534      0.5156      0.4717      0.4234      0.3722      0.3198      0.2675      0.2165      0.1679      0.1225     0.08113      0.0443     0.01249    -0.01394    -0.03473    -0.04971    -0.05874    -0.06176    -0.05875    -0.04973    -0.03477    -0.01399     0.01243     0.04424     0.08107      0.1225      0.1678      0.2165      0.2675      0.3198      0.3722      0.4234      0.4717      0.5157      0.5535      0.5835      0.6039

      0.7265      0.6911      0.6457      0.5924       0.533      0.4693      0.4033      0.3366      0.2707       0.207      0.1466     0.09049     0.03952   -0.005679    -0.04462    -0.07691     -0.1023     -0.1205     -0.1315     -0.1352     -0.1316     -0.1206     -0.1023    -0.07697    -0.04469   -0.005753     0.03945     0.09041      0.1465      0.2069      0.2706      0.3366      0.4033      0.4693       0.533      0.5924      0.6458      0.6911      0.7266

      0.8608      0.8086       0.746      0.6752      0.5984      0.5177      0.4351      0.3525      0.2717      0.1941      0.1209     0.05331    -0.00787    -0.06195     -0.1084     -0.1468      -0.177     -0.1987     -0.2117     -0.2161     -0.2117     -0.1987      -0.177     -0.1469     -0.1085    -0.06203   -0.007953     0.05323      0.1208       0.194      0.2716      0.3525      0.4351      0.5177      0.5984      0.6753      0.7461      0.8087      0.8609

       1.008      0.9366      0.8546      0.7642      0.6678      0.5679      0.4669      0.3668      0.2695      0.1766     0.08967    0.009692    -0.06239     -0.1259     -0.1802     -0.2251     -0.2602     -0.2854     -0.3006     -0.3056     -0.3006     -0.2855     -0.2603     -0.2252     -0.1803      -0.126    -0.06248    0.009603     0.08959      0.1766      0.2694      0.3667      0.4669      0.5679      0.6678      0.7642      0.8546      0.9366       1.008

       1.168       1.075      0.9716       0.859      0.7407      0.6194      0.4977      0.3782      0.2628      0.1534     0.05143    -0.04185     -0.1255     -0.1989     -0.2616     -0.3132     -0.3534     -0.3823     -0.3996     -0.4054     -0.3996     -0.3823     -0.3535     -0.3132     -0.2617      -0.199     -0.1256    -0.04194     0.05133      0.1533      0.2627      0.3781      0.4977      0.6194      0.7407      0.8591      0.9717       1.076       1.168

       1.342       1.226       1.097      0.9597      0.8166      0.6712      0.5265      0.3854      0.2501      0.1226    0.004494      -0.103      -0.199     -0.2828     -0.3541     -0.4126     -0.4581     -0.4907     -0.5102     -0.5167     -0.5102     -0.4907     -0.4582     -0.4127     -0.3542     -0.2829     -0.1991     -0.1031    0.004401      0.1225        0.25      0.3853      0.5265      0.6711      0.8166      0.9597       1.097       1.226       1.342

       1.532       1.389       1.232       1.066      0.8947      0.7222      0.5518      0.3867      0.2296     0.08242    -0.05307     -0.1757     -0.2846     -0.3793     -0.4594      -0.525     -0.5759     -0.6121     -0.6339     -0.6411     -0.6339     -0.6122     -0.5759      -0.525     -0.4595     -0.3794     -0.2847     -0.1758    -0.05316     0.08233      0.2295      0.3867      0.5518      0.7222      0.8947       1.066       1.232       1.389       1.533

        1.74       1.565       1.376       1.177      0.9742       0.771      0.5718      0.3802       0.199     0.03057     -0.1235     -0.2621     -0.3845     -0.4903     -0.5795      -0.652     -0.7082     -0.7482     -0.7721       -0.78     -0.7721     -0.7482     -0.7083     -0.6521     -0.5795     -0.4904     -0.3846     -0.2622     -0.1236     0.03048       0.199      0.3802      0.5718       0.771      0.9742       1.177       1.376       1.565        1.74

       1.966       1.755       1.529       1.293       1.054      0.8159      0.5843      0.3632      0.1558    -0.03568     -0.2095     -0.3647     -0.5009      -0.618     -0.7161     -0.7956     -0.8569     -0.9003     -0.9263     -0.9349     -0.9263     -0.9004     -0.8569     -0.7957     -0.7162     -0.6181      -0.501     -0.3648     -0.2096    -0.03577      0.1557      0.3632      0.5843      0.8159       1.054       1.293       1.529       1.756       1.966

       2.214       1.961       1.692       1.413       1.132      0.8543      0.5864      0.3326     0.09649     -0.1196     -0.3141     -0.4865     -0.6365     -0.7646     -0.8714     -0.9574      -1.023       -1.07      -1.098      -1.107      -1.098       -1.07      -1.023     -0.9574     -0.8714     -0.7647     -0.6366     -0.4866     -0.3142     -0.1197     0.09642      0.3325      0.5863      0.8543       1.132       1.413       1.692       1.961       2.214

       2.485       2.184       1.865       1.536       1.206      0.8831      0.5742      0.2843     0.01716      -0.225     -0.4409     -0.6305     -0.7942     -0.9327      -1.047      -1.139      -1.209      -1.259      -1.288      -1.298      -1.288      -1.259      -1.209      -1.139      -1.047     -0.9328     -0.7943     -0.6306      -0.441     -0.2251     0.01709      0.2843      0.5742      0.8831       1.206       1.536       1.865       2.184       2.485

       2.784       2.426       2.047       1.659       1.273      0.8981       0.543      0.2133    -0.08721     -0.3566     -0.5942     -0.8005     -0.9769      -1.125      -1.246      -1.343      -1.416      -1.467      -1.498      -1.508      -1.498      -1.467      -1.416      -1.343      -1.246      -1.125      -0.977     -0.8006     -0.5942     -0.3566    -0.08727      0.2133       0.543      0.8981       1.273       1.659       2.047       2.426       2.784

       3.115       2.689       2.239       1.781       1.328      0.8936      0.4865      0.1132     -0.2228     -0.5199     -0.7786      -1.001      -1.188      -1.344       -1.47       -1.57      -1.645      -1.697      -1.728      -1.738      -1.728      -1.697      -1.645       -1.57       -1.47      -1.344      -1.188      -1.001     -0.7787       -0.52     -0.2228      0.1131      0.4865      0.8936       1.328       1.781       2.239       2.689       3.115

       3.484       2.975       2.439       1.896       1.365      0.8618      0.3962    -0.02445     -0.3971     -0.7217     -0.9999      -1.235      -1.431      -1.591       -1.72      -1.821      -1.896      -1.948      -1.979      -1.989      -1.979      -1.948      -1.896      -1.821       -1.72      -1.592      -1.431      -1.235          -1     -0.7217     -0.3972    -0.02449      0.3962      0.8617       1.365       1.896       2.439       2.975       3.484

       3.899       3.288       2.646           2       1.376      0.7918       0.261       -0.21     -0.6196     -0.9697      -1.264      -1.509      -1.709      -1.871      -1.999      -2.098      -2.171      -2.221       -2.25       -2.26       -2.25      -2.221      -2.171      -2.098      -1.999      -1.871      -1.709      -1.509      -1.264     -0.9697     -0.6197     -0.2101       0.261      0.7918       1.376           2       2.646       3.288       3.899

       4.372       3.632       2.856       2.083       1.346      0.6687     0.06604      -0.457     -0.9016      -1.273      -1.579      -1.827      -2.027      -2.184      -2.307        -2.4      -2.468      -2.515      -2.542       -2.55      -2.542      -2.515      -2.468        -2.4      -2.307      -2.184      -2.027      -1.827      -1.579      -1.273     -0.9017     -0.4571     0.06602      0.6687       1.346       2.083       2.856       3.632       4.372

        4.92       4.013       3.063       2.129       1.255      0.4714     -0.2085     -0.7825      -1.257      -1.642      -1.951      -2.195      -2.385      -2.533      -2.645      -2.728      -2.788      -2.828      -2.851      -2.858      -2.851      -2.828      -2.788      -2.728      -2.645      -2.533      -2.385      -2.195      -1.951      -1.642      -1.257     -0.7825     -0.2085      0.4714       1.255       2.129       3.063       4.013        4.92

       5.568       4.435       3.256       2.115       1.075      0.1701     -0.5888      -1.208      -1.701      -2.088      -2.387      -2.615      -2.787      -2.916      -3.011      -3.079      -3.127      -3.158      -3.176      -3.182      -3.176      -3.158      -3.127      -3.079      -3.011      -2.916      -2.787      -2.615      -2.387      -2.088      -1.701      -1.208     -0.5888      0.1701       1.075       2.115       3.256       4.435       5.568

       6.353       4.904       3.409           2      0.7593     -0.2769      -1.109      -1.758      -2.252      -2.622      -2.894      -3.092      -3.233      -3.333      -3.403      -3.451      -3.482      -3.502      -3.513      -3.516      -3.513      -3.502      -3.482      -3.451      -3.403      -3.334      -3.233      -3.092      -2.894      -2.622      -2.252      -1.758      -1.109     -0.2769      0.7593           2       3.409       4.904       6.353

       7.334       5.419       3.477       1.716      0.2396      -0.928      -1.813      -2.463      -2.928      -3.253      -3.475      -3.624      -3.721      -3.781      -3.818      -3.839       -3.85      -3.855      -3.857      -3.857      -3.857      -3.855       -3.85      -3.839      -3.818      -3.781      -3.721      -3.624      -3.475      -3.253      -2.928      -2.463      -1.813      -0.928      0.2396       1.716       3.477       5.419       7.334

       8.606       5.959       3.366       1.146     -0.5886      -1.861      -2.752      -3.353      -3.743      -3.987      -4.131      -4.209      -4.244      -4.254      -4.248      -4.236      -4.222      -4.211      -4.203        -4.2      -4.203      -4.211      -4.223      -4.236      -4.248      -4.254      -4.244      -4.209      -4.131      -3.987      -3.743      -3.353      -2.752      -1.861     -0.5886       1.146       3.366       5.959       8.606

       10.32       6.444       2.881     0.09236      -1.879      -3.177      -3.982      -4.453      -4.705       -4.82      -4.852      -4.835      -4.793       -4.74      -4.686      -4.636      -4.594      -4.562      -4.543      -4.537      -4.543      -4.562      -4.594      -4.636      -4.686       -4.74      -4.793      -4.835      -4.852       -4.82      -4.705      -4.453      -3.982      -3.177      -1.879     0.09238       2.881       6.444       10.32

       12.71       6.617       1.623      -1.779      -3.843      -4.984      -5.547      -5.771      -5.805      -5.737      -5.622      -5.488      -5.353      -5.229      -5.119      -5.027      -4.954      -4.902      -4.871       -4.86      -4.871      -4.902      -4.954      -5.027      -5.119      -5.229      -5.353      -5.488      -5.622      -5.737      -5.805      -5.771      -5.547      -4.984      -3.843      -1.779       1.623       6.617       12.71

       16.01       5.695      -1.228      -4.989      -6.731      -7.368      -7.452       -7.28      -7.005      -6.703      -6.409      -6.141      -5.904      -5.702      -5.533      -5.398      -5.294      -5.221      -5.178      -5.163      -5.178      -5.221      -5.294      -5.398      -5.533      -5.702      -5.904      -6.141      -6.409      -6.703      -7.005       -7.28      -7.452      -7.368      -6.731      -4.989      -1.228       5.695       16.01

       19.96       1.384      -7.243      -10.22      -10.72      -10.31      -9.611      -8.892      -8.233       -7.66      -7.171      -6.762      -6.421      -6.141      -5.915      -5.738      -5.604      -5.511      -5.456      -5.437      -5.456      -5.511      -5.604      -5.738      -5.915      -6.141      -6.421      -6.761      -7.171       -7.66      -8.233      -8.891      -9.611      -10.31      -10.72      -10.22      -7.243       1.384       19.96

       21.02      -12.87      -18.91      -17.91      -15.64      -13.52       -11.8      -10.44      -9.376      -8.531      -7.856      -7.313      -6.876      -6.526      -6.249      -6.034      -5.873      -5.762      -5.697      -5.675      -5.697      -5.762      -5.873      -6.034      -6.249      -6.526      -6.876      -7.313      -7.856      -8.531      -9.376      -10.44       -11.8      -13.52      -15.64      -17.91      -18.91      -12.87       21.02

           0      -54.98      -37.62      -26.88      -20.41      -16.33      -13.62       -11.7       -10.3      -9.233      -8.407      -7.759      -7.245      -6.839       -6.52      -6.275      -6.093      -5.967      -5.894      -5.869      -5.894      -5.967      -6.093      -6.275       -6.52      -6.839      -7.245      -7.759      -8.407      -9.233       -10.3       -11.7      -13.62      -16.33      -20.41      -26.88      -37.62      -54.98           0

