
FINAL VORTICITY - in row major format (rows divided by a blank line)

           0   1.456e-06  -0.0001013  -0.0003361  -0.0006943   -0.001152   -0.001681   -0.002254   -0.002847   -0.003436   -0.004007   -0.004543   -0.005035   -0.005474   -0.005854   -0.006169   -0.006418   -0.006597   -0.006706   -0.006743   -0.006708   -0.006602   -0.006425   -0.006179   -0.005865   -0.005487   -0.005048   -0.004556   -0.004019   -0.003448   -0.002856   -0.002262   -0.001687   -0.001156  -0.0006964  -0.0003369  -0.0001013   1.636e-06           0

   5.823e-06  -0.0002893  -0.0005183   -0.000737  -0.0009735   -0.001238   -0.001531   -0.001845   -0.002172   -0.002503   -0.002828   -0.003138   -0.003428   -0.003689   -0.003918    -0.00411   -0.004262   -0.004373    -0.00444   -0.004463   -0.004442   -0.004376   -0.004267   -0.004116   -0.003925   -0.003697   -0.003436   -0.003147   -0.002837   -0.002511    -0.00218   -0.001852   -0.001537   -0.001244   -0.000978  -0.0007404  -0.0005207  -0.0002904   6.543e-06

  -0.0006353  -0.0008465  -0.0009809   -0.001074   -0.001151   -0.001226   -0.001309   -0.001404   -0.001508   -0.001621   -0.001739   -0.001857   -0.001971   -0.002079   -0.002176   -0.002259   -0.002326   -0.002376   -0.002406   -0.002417   -0.002407   -0.002377   -0.002328   -0.002262   -0.002179   -0.002082   -0.001975   -0.001861   -0.001743   -0.001626   -0.001513   -0.001409   -0.001315   -0.001232   -0.001156   -0.001079  -0.0009856  -0.0008501  -0.0006369

   -0.001763   -0.001717   -0.001619    -0.00149   -0.001347   -0.001202   -0.001065  -0.0009421  -0.0008356  -0.0007468  -0.0006751  -0.0006191  -0.0005768  -0.0005459  -0.0005242  -0.0005095  -0.0005001  -0.0004943  -0.0004912  -0.0004901  -0.0004907  -0.0004933  -0.0004986  -0.0005077  -0.0005222  -0.0005438  -0.0005749  -0.0006175  -0.0006741  -0.0007466  -0.0008363  -0.0009439   -0.001068   -0.001206   -0.001352   -0.001497   -0.001627   -0.001724   -0.001769

   -0.003194   -0.002808     -0.0024   -0.001982   -0.001568   -0.001167  -0.0007882  -0.0004361  -0.0001148   0.0001738   0.0004291   0.0006515   0.0008422    0.001003    0.001135     0.00124     0.00132    0.001377    0.001411    0.001423    0.001413     0.00138    0.001325    0.001246    0.001142    0.001011   0.0008505   0.0006596   0.0004364   0.0001799  -0.0001104  -0.0004339  -0.0007885    -0.00117   -0.001574   -0.001991   -0.002411   -0.002821   -0.003208

   -0.004794   -0.004015   -0.003242   -0.002488   -0.001761   -0.001072  -0.0004257   0.0001721   0.0007185    0.001212    0.001652    0.002038    0.002373    0.002659    0.002896    0.003087    0.003234    0.003338    0.003401    0.003422    0.003404    0.003344    0.003243    0.003098    0.002909    0.002673    0.002389    0.002054    0.001666    0.001224   0.0007287   0.0001791  -0.0004226   -0.001073   -0.001767   -0.002499   -0.003258   -0.004035   -0.004817

   -0.006457   -0.005234    -0.00405   -0.002915   -0.001839  -0.0008301   0.0001068   0.0009679    0.001751    0.002456    0.003083    0.003634    0.004111    0.004517    0.004855    0.005128    0.005337    0.005486    0.005576    0.005607     0.00558    0.005495     0.00535    0.005144    0.004875    0.004539    0.004134    0.003657    0.003105    0.002476    0.001768   0.0009801   0.0001138  -0.0008291   -0.001845   -0.002928    -0.00407   -0.005262   -0.006489

   -0.008076   -0.006354   -0.004708   -0.003149   -0.001688  -0.0003299   0.0009201     0.00206    0.003091    0.004012    0.004828    0.005541    0.006157    0.006679    0.007112     0.00746    0.007727    0.007916     0.00803     0.00807    0.008036    0.007928    0.007744    0.007481    0.007137    0.006707    0.006187    0.005572    0.004857    0.004039    0.003113    0.002078   0.0009313  -0.0003265   -0.001693   -0.003164   -0.004733   -0.006389   -0.008118

   -0.009526   -0.007239   -0.005075   -0.003048   -0.001164   0.0005693    0.002152    0.003583    0.004865    0.006004    0.007004    0.007873    0.008618    0.009246    0.009764     0.01018      0.0105     0.01072     0.01085      0.0109     0.01086     0.01073     0.01052      0.0102    0.009795    0.009281    0.008655    0.007911    0.007041    0.006038    0.004895    0.003606    0.002167   0.0005755   -0.001169   -0.003064   -0.005104   -0.007281   -0.009577

    -0.01064   -0.007712   -0.004972   -0.002429  -9.002e-05    0.002042    0.003969    0.005694    0.007226    0.008572    0.009744     0.01075     0.01161     0.01232     0.01291     0.01337     0.01373     0.01398     0.01413     0.01418     0.01413     0.01399     0.01375      0.0134     0.01294     0.01236     0.01165      0.0108    0.009787    0.008613    0.007261    0.005723    0.003988    0.002051  -9.307e-05   -0.002445   -0.005003    -0.00776     -0.0107

    -0.01118   -0.007536   -0.004159   -0.001058    0.001762    0.004304    0.006575    0.008585     0.01035     0.01188     0.01319     0.01431     0.01524     0.01601     0.01664     0.01713      0.0175     0.01775     0.01791     0.01796     0.01792     0.01777     0.01752     0.01716     0.01668     0.01606     0.01529     0.01436     0.01324     0.01192     0.01039    0.008618    0.006599    0.004317    0.001761   -0.001075   -0.004192   -0.007587    -0.01125

    -0.01084   -0.006393   -0.002324    0.001364    0.004677    0.007623     0.01022     0.01248     0.01443     0.01609      0.0175     0.01867     0.01963     0.02041     0.02102      0.0215     0.02185     0.02209     0.02224     0.02229     0.02225     0.02211     0.02188     0.02153     0.02106     0.02045     0.01968     0.01872     0.01755     0.01614     0.01447     0.01252     0.01024    0.007638    0.004678     0.00135   -0.002357   -0.006445     -0.0109

   -0.009167   -0.003857   0.0009382    0.005224    0.009013     0.01233     0.01519     0.01763      0.0197     0.02141     0.02282     0.02396     0.02486     0.02557     0.02611     0.02651      0.0268     0.02699     0.02711     0.02715     0.02712     0.02701     0.02683     0.02655     0.02615     0.02562     0.02491     0.02401     0.02287     0.02146     0.01974     0.01767     0.01522     0.01234    0.009018    0.005212   0.0009082   -0.003908   -0.009234

   -0.005594   0.0006265    0.006154     0.01101     0.01521     0.01881     0.02184     0.02436      0.0264     0.02804     0.02932      0.0303     0.03102     0.03154     0.03191     0.03215      0.0323     0.03239     0.03244     0.03246     0.03245     0.03241     0.03233     0.03218     0.03194     0.03159     0.03107     0.03035     0.02937     0.02809     0.02645      0.0244     0.02187     0.01883     0.01522       0.011     0.00613   0.0005825   -0.005654

   0.0006487    0.007779     0.01399     0.01932     0.02383     0.02756     0.03059     0.03298     0.03482     0.03618     0.03714     0.03776     0.03813      0.0383     0.03834      0.0383     0.03823     0.03815     0.03809     0.03807      0.0381     0.03816     0.03825     0.03833     0.03837     0.03834     0.03817      0.0378     0.03718     0.03622     0.03486     0.03302     0.03062     0.02758     0.02384     0.01932     0.01398    0.007746   0.0006002

     0.01055     0.01852     0.02529     0.03093     0.03551     0.03914      0.0419     0.04389     0.04524     0.04603     0.04638     0.04638     0.04614     0.04574     0.04526     0.04477     0.04433     0.04398     0.04376     0.04368     0.04376     0.04399     0.04434     0.04479     0.04528     0.04577     0.04617     0.04641     0.04641     0.04606     0.04527     0.04393     0.04193     0.03916     0.03553     0.03094     0.02529      0.0185     0.01052

     0.02535     0.03399     0.04108     0.04673     0.05106      0.0542      0.0563     0.05749     0.05793     0.05775      0.0571     0.05612     0.05492     0.05364     0.05237      0.0512     0.05021     0.04946     0.04899     0.04883     0.04899     0.04946     0.05021      0.0512     0.05237     0.05365     0.05493     0.05613     0.05711     0.05777     0.05795     0.05751     0.05632     0.05423     0.05108     0.04675     0.04109     0.03399     0.02535

     0.04665     0.05562     0.06263     0.06783     0.07139     0.07351     0.07438     0.07419     0.07315     0.07144     0.06926     0.06679     0.06418      0.0616     0.05918     0.05703     0.05525     0.05393     0.05311     0.05283      0.0531     0.05392     0.05524     0.05701     0.05916     0.06158     0.06417     0.06677     0.06925     0.07144     0.07315      0.0742      0.0744     0.07354     0.07142     0.06786     0.06266     0.05565     0.04667

     0.07636     0.08514     0.09145     0.09551     0.09758      0.0979     0.09675      0.0944      0.0911     0.08712     0.08269     0.07806     0.07343     0.06901     0.06496     0.06144     0.05856     0.05644     0.05513     0.05469     0.05512     0.05642     0.05853      0.0614     0.06492     0.06896     0.07339     0.07802     0.08266     0.08709     0.09108     0.09439     0.09676     0.09792     0.09761     0.09556      0.0915     0.08521     0.07643

      0.1169      0.1246      0.1293      0.1313      0.1308      0.1283      0.1241      0.1185      0.1119      0.1046     0.09701     0.08935     0.08191     0.07494     0.06866     0.06326     0.05889     0.05568     0.05371     0.05304     0.05369     0.05564     0.05884      0.0632     0.06859     0.07487     0.08183     0.08928     0.09694      0.1046      0.1118      0.1184       0.124      0.1283      0.1308      0.1313      0.1294      0.1247       0.117

       0.171      0.1766      0.1784      0.1768      0.1724      0.1656      0.1569      0.1466      0.1354      0.1236      0.1116     0.09977      0.0885     0.07809     0.06881     0.06088     0.05452     0.04985     0.04701     0.04605     0.04698     0.04981     0.05444     0.06079      0.0687     0.07798     0.08839     0.09965      0.1115      0.1235      0.1353      0.1466      0.1568      0.1656      0.1725      0.1769      0.1785      0.1767      0.1712

      0.2421      0.2438      0.2409       0.234      0.2238      0.2108      0.1957       0.179      0.1613      0.1433      0.1253       0.108      0.0916     0.07662     0.06338     0.05214     0.04315      0.0366     0.03261     0.03125     0.03257     0.03653     0.04306     0.05202     0.06324     0.07647     0.09144      0.1078      0.1252      0.1432      0.1612      0.1789      0.1956      0.2108      0.2238      0.2341      0.2411       0.244      0.2423

      0.3342      0.3297      0.3197       0.305      0.2864      0.2647      0.2407      0.2152       0.189      0.1626      0.1367       0.112     0.08899     0.06807     0.04968     0.03417     0.02181     0.01282    0.007351    0.005506     0.00731     0.01274     0.02169     0.03402     0.04951     0.06788      0.0888      0.1118      0.1366      0.1624      0.1888      0.2151      0.2407      0.2647      0.2864      0.3051      0.3198      0.3299      0.3344

      0.4516      0.4378      0.4175      0.3917      0.3615      0.3279       0.292      0.2547       0.217      0.1796      0.1435      0.1093     0.07766     0.04913     0.02419     0.00324    -0.01339    -0.02545    -0.03277    -0.03524    -0.03282    -0.02555    -0.01353    0.003066     0.02398      0.0489     0.07743      0.1091      0.1433      0.1794      0.2168      0.2546      0.2919      0.3279      0.3616      0.3918      0.4177      0.4381       0.452

      0.5997      0.5725      0.5376      0.4964      0.4504      0.4008      0.3489      0.2961      0.2433      0.1918      0.1425     0.09614     0.05359     0.01547    -0.01767    -0.04539    -0.06732    -0.08318    -0.09278    -0.09602    -0.09284    -0.08329    -0.06747    -0.04559    -0.01791     0.01521     0.05332     0.09587      0.1422      0.1916      0.2431      0.2959      0.3488      0.4008      0.4504      0.4965      0.5378      0.5727      0.6001

      0.7842      0.7381      0.6831      0.6211      0.5537      0.4828        0.41      0.3369      0.2649      0.1952      0.1291     0.06757     0.01145    -0.03851    -0.08172     -0.1177     -0.1461     -0.1665     -0.1789      -0.183     -0.1789     -0.1666     -0.1462     -0.1179    -0.08198    -0.03879     0.01116     0.06727      0.1288      0.1949      0.2646      0.3367      0.4099      0.4828      0.5538      0.6212      0.6833      0.7384      0.7846

       1.012      0.9397      0.8574      0.7673      0.6716      0.5727      0.4726      0.3734      0.2767      0.1842     0.09728     0.01698    -0.05569       -0.12     -0.1753      -0.221      -0.257     -0.2829     -0.2985     -0.3037     -0.2985      -0.283     -0.2572     -0.2213     -0.1755     -0.1203      -0.056     0.01667     0.09698       0.184      0.2765      0.3732      0.4725      0.5726      0.6717      0.7674      0.8576        0.94       1.012

        1.29       1.183       1.064      0.9359      0.8029      0.6673       0.532      0.3995      0.2719       0.151     0.03851    -0.06443     -0.1568      -0.238     -0.3073     -0.3644      -0.409      -0.441     -0.4603     -0.4667     -0.4603     -0.4411     -0.4092     -0.3646     -0.3076     -0.2383     -0.1572    -0.06476      0.0382      0.1507      0.2716      0.3993      0.5319      0.6673      0.8029      0.9361       1.064       1.183        1.29

       1.628       1.473       1.304       1.127      0.9444      0.7611      0.5806      0.4059      0.2398     0.08434     -0.0588     -0.1884     -0.3036     -0.4038     -0.4887     -0.5583     -0.6123     -0.6509      -0.674     -0.6817      -0.674      -0.651     -0.6125     -0.5585      -0.489     -0.4041     -0.3039     -0.1887     -0.0591     0.08406      0.2396      0.4057      0.5805      0.7611      0.9445       1.127       1.305       1.473       1.628

       2.037       1.817       1.582       1.338        1.09      0.8442      0.6057      0.3783       0.165    -0.03183     -0.2106     -0.3703     -0.5106     -0.6312     -0.7325     -0.8147     -0.8781     -0.9231       -0.95      -0.959     -0.9501     -0.9233     -0.8783     -0.8149     -0.7328     -0.6315     -0.5109     -0.3706     -0.2109     -0.0321      0.1647      0.3781      0.6056      0.8442        1.09       1.338       1.582       1.817       2.037

       2.532       2.224       1.897       1.562       1.227      0.8994      0.5869      0.2939     0.02412     -0.2204     -0.4387     -0.6305     -0.7962     -0.9368      -1.053      -1.147      -1.218      -1.269      -1.299      -1.308      -1.299      -1.269      -1.218      -1.147      -1.054     -0.9371     -0.7965     -0.6307     -0.4389     -0.2207     0.02392      0.2938      0.5868      0.8994       1.227       1.562       1.897       2.224       2.533

       3.138       2.704       2.248       1.786       1.331      0.8963      0.4896      0.1172     -0.2178     -0.5143     -0.7728      -0.995      -1.183      -1.339      -1.467      -1.567      -1.643      -1.696      -1.728      -1.738      -1.728      -1.696      -1.643      -1.567      -1.467       -1.34      -1.183     -0.9952     -0.7731     -0.5145      -0.218       0.117      0.4896      0.8963       1.331       1.786       2.248       2.704       3.138

       3.893       3.273       2.625       1.979       1.358        0.78      0.2557     -0.2093     -0.6139     -0.9603      -1.253      -1.496      -1.696      -1.858      -1.987      -2.087       -2.16      -2.211      -2.241      -2.251      -2.241      -2.211      -2.161      -2.087      -1.987      -1.859      -1.697      -1.496      -1.253     -0.9605      -0.614     -0.2094      0.2556        0.78       1.358       1.979       2.625       3.273       3.894

        4.87       3.949       2.997       2.072       1.214      0.4482     -0.2157     -0.7771      -1.243      -1.623      -1.928      -2.171      -2.363      -2.511      -2.624      -2.709       -2.77      -2.811      -2.835      -2.842      -2.835      -2.811       -2.77      -2.709      -2.624      -2.511      -2.363      -2.172      -1.928      -1.623      -1.243     -0.7772     -0.2157      0.4482       1.214       2.072       2.998       3.949       4.871

        6.21       4.742       3.265       1.897      0.7035     -0.2929      -1.097      -1.728      -2.214      -2.581      -2.854      -3.055        -3.2      -3.303      -3.376      -3.426      -3.459       -3.48      -3.492      -3.496      -3.492      -3.481       -3.46      -3.426      -3.376      -3.303        -3.2      -3.055      -2.854      -2.581      -2.214      -1.728      -1.097     -0.2929      0.7035       1.897       3.266       4.742        6.21

       8.201       5.569       3.101       1.026     -0.5973      -1.804      -2.667      -3.262       -3.66      -3.915      -4.071      -4.159      -4.203      -4.219      -4.219       -4.21      -4.199      -4.188      -4.181      -4.178      -4.181      -4.188      -4.199       -4.21      -4.219      -4.219      -4.203      -4.159      -4.071      -3.915       -3.66      -3.262      -2.667      -1.804     -0.5972       1.026       3.101       5.569       8.201

       11.37       5.741       1.361      -1.651      -3.563      -4.693      -5.305      -5.589      -5.675      -5.646      -5.558      -5.442      -5.319      -5.201      -5.095      -5.005      -4.934      -4.882      -4.851      -4.841      -4.851      -4.882      -4.934      -5.005      -5.095      -5.201      -5.319      -5.442      -5.558      -5.646      -5.674      -5.589      -5.304      -4.693      -3.563      -1.651       1.361       5.741       11.37

       15.29      0.9295      -5.853      -8.729      -9.655      -9.655      -9.252      -8.707      -8.145       -7.62      -7.154      -6.753      -6.414      -6.133      -5.905      -5.725      -5.589      -5.494      -5.438       -5.42      -5.438      -5.494      -5.589      -5.725      -5.905      -6.133      -6.414      -6.753      -7.154       -7.62      -8.145      -8.707      -9.252      -9.655      -9.655      -8.729      -5.853      0.9295       15.29

           0      -34.18      -28.69       -23.6      -19.45      -16.23      -13.77       -11.9      -10.46      -9.356      -8.493      -7.814      -7.277      -6.854      -6.523      -6.269       -6.08      -5.951      -5.875       -5.85      -5.875      -5.951       -6.08      -6.269      -6.523      -6.854      -7.277      -7.813      -8.493      -9.356      -10.46       -11.9      -13.77      -16.23      -19.45       -23.6      -28.69      -34.18           0

