
FINAL VORTICITY - in row major format (rows divided by a blank line)

           0   -0.005553   -0.006575    0.002279     0.02176     0.05076     0.08751        0.13      0.1763      0.2246      0.2732      0.3205      0.3652      0.4062      0.4424      0.4732      0.4977      0.5157      0.5266      0.5303      0.5267      0.5159      0.4981      0.4737       0.443      0.4068      0.3658      0.3211      0.2738      0.2251      0.1767      0.1303     0.08768     0.05083     0.02175    0.002234   -0.006624   -0.005578           0

   -0.005553    0.004442     0.01441     0.02814     0.04738     0.07235      0.1024      0.1366      0.1735      0.2119      0.2507      0.2885      0.3243      0.3572      0.3864      0.4112      0.4311      0.4456      0.4545      0.4575      0.4546      0.4459      0.4315      0.4117      0.3869      0.3578      0.3249       0.289      0.2512      0.2124      0.1739      0.1369      0.1027     0.07252     0.04749      0.0282     0.01443    0.004441   -0.005578

   -0.006747      0.0144     0.03155     0.04845     0.06726     0.08891      0.1135      0.1407      0.1698      0.1999      0.2303        0.26      0.2882      0.3142      0.3374      0.3571      0.3729      0.3845      0.3915      0.3939      0.3916      0.3847      0.3732      0.3574      0.3378      0.3147      0.2887      0.2605      0.2308      0.2004      0.1702      0.1411      0.1138     0.08916     0.06746      0.0486     0.03164     0.01443     -0.0068

    0.001585      0.0283       0.049     0.06704     0.08461       0.103      0.1227      0.1438      0.1661      0.1891      0.2122      0.2349      0.2565      0.2765      0.2944      0.3097       0.322       0.331      0.3365      0.3384      0.3366      0.3312      0.3222        0.31      0.2948      0.2769      0.2569      0.2353      0.2126      0.1895      0.1665      0.1442       0.123      0.1033     0.08489     0.06727     0.04916     0.02837    0.001525

     0.02032     0.04817      0.0693      0.0865      0.1018      0.1165      0.1315       0.147      0.1631      0.1798      0.1965       0.213      0.2289      0.2437      0.2569      0.2683      0.2775      0.2843      0.2884      0.2898      0.2885      0.2844      0.2777      0.2685      0.2572      0.2439      0.2292      0.2134      0.1969      0.1801      0.1635      0.1474      0.1318      0.1169      0.1021      0.0868     0.06954     0.04829     0.02029

     0.04889     0.07475     0.09387      0.1085      0.1204       0.131      0.1411      0.1512      0.1616      0.1724      0.1834      0.1944       0.205      0.2151      0.2243      0.2322      0.2387      0.2435      0.2464      0.2474      0.2464      0.2435      0.2388      0.2323      0.2244      0.2153      0.2052      0.1946      0.1837      0.1727       0.162      0.1516      0.1415      0.1314      0.1209      0.1089     0.09419     0.07495     0.04893

      0.0864      0.1082      0.1234      0.1341      0.1417      0.1475      0.1524      0.1571       0.162      0.1673      0.1728      0.1787      0.1846      0.1904      0.1959      0.2007      0.2047      0.2078      0.2096      0.2102      0.2096      0.2078      0.2048      0.2007      0.1959      0.1905      0.1847      0.1788       0.173      0.1675      0.1623      0.1575      0.1528      0.1479      0.1422      0.1346      0.1239      0.1085     0.08655

      0.1321      0.1483      0.1584      0.1639      0.1663      0.1667      0.1661      0.1653      0.1646      0.1645      0.1649      0.1659      0.1674      0.1692      0.1713      0.1732       0.175      0.1764      0.1772      0.1775      0.1772      0.1763      0.1749      0.1731      0.1712      0.1692      0.1673      0.1659      0.1649      0.1646      0.1649      0.1656      0.1665      0.1672      0.1668      0.1645      0.1589      0.1488      0.1324

      0.1855      0.1951      0.1989      0.1983      0.1947      0.1891      0.1826      0.1759      0.1696       0.164      0.1593      0.1556      0.1529      0.1509      0.1497       0.149      0.1487      0.1485      0.1485      0.1485      0.1484      0.1484      0.1485      0.1488      0.1495      0.1507      0.1527      0.1555      0.1592       0.164      0.1697      0.1762       0.183      0.1896      0.1953       0.199      0.1996      0.1958       0.186

      0.2463      0.2486      0.2453      0.2377      0.2273      0.2151      0.2021      0.1892       0.177      0.1658       0.156      0.1476      0.1406       0.135      0.1306      0.1273       0.125      0.1234      0.1224      0.1221      0.1223      0.1232      0.1247       0.127      0.1302      0.1346      0.1402      0.1472      0.1557      0.1657       0.177      0.1894      0.2025      0.2156      0.2279      0.2385      0.2461      0.2495      0.2471

      0.3148      0.3089      0.2976      0.2823      0.2642      0.2447      0.2247      0.2051      0.1866      0.1696      0.1544      0.1411      0.1299      0.1206      0.1131      0.1073      0.1029      0.0999     0.09812     0.09748     0.09797     0.09962      0.1025      0.1068      0.1125        0.12      0.1293      0.1406      0.1539      0.1692      0.1864      0.2052       0.225      0.2452      0.2649      0.2832      0.2987      0.3101      0.3159

      0.3913      0.3765      0.3563      0.3323      0.3058      0.2781      0.2503      0.2234      0.1981      0.1748      0.1539      0.1357        0.12      0.1069     0.09619     0.08777     0.08142     0.07699     0.07435     0.07342     0.07416     0.07662     0.08088     0.08709     0.09541       0.106      0.1191      0.1349      0.1532      0.1743      0.1977      0.2233      0.2505      0.2786      0.3065      0.3333      0.3576      0.3779      0.3927

      0.4766      0.4519      0.4218       0.388       0.352      0.3152      0.2788      0.2438       0.211      0.1809      0.1539      0.1302      0.1098     0.09272     0.07871      0.0676      0.0592     0.05331     0.04979     0.04855     0.04955     0.05283     0.05851     0.06673      0.0777     0.09163      0.1087      0.1291      0.1529      0.1801      0.2104      0.2435      0.2789      0.3156      0.3528      0.3892      0.4233      0.4536      0.4783

      0.5714      0.5358      0.4946      0.4498      0.4031       0.356      0.3098      0.2657      0.2246      0.1869      0.1532      0.1236     0.09818     0.07677     0.05921     0.04527      0.0347     0.02729     0.02285     0.02128     0.02255      0.0267     0.03384     0.04418     0.05795     0.07539     0.09675      0.1222      0.1519      0.1858      0.2237      0.2652      0.3097      0.3563      0.4039      0.4511      0.4963      0.5378      0.5737

      0.6772       0.629      0.5753       0.518       0.459      0.4001      0.3429      0.2885      0.2379      0.1918      0.1506      0.1145     0.08347     0.05738     0.03598     0.01899    0.006115   -0.002921   -0.008328    -0.01024   -0.008692   -0.003636    0.005077     0.01767     0.03444     0.05568      0.0817      0.1127       0.149      0.1904      0.2368      0.2877      0.3426      0.4004      0.4598      0.5193      0.5772      0.6315      0.6798

      0.7952      0.7328      0.6646      0.5928      0.5197      0.4473      0.3773      0.3111      0.2498      0.1941      0.1445       0.101     0.06382     0.03257    0.006981    -0.01331    -0.02868    -0.03946    -0.04591    -0.04818    -0.04634    -0.04031    -0.02992    -0.01488    0.005136     0.03053     0.06167     0.09889      0.1424      0.1923      0.2483      0.3101      0.3768      0.4474      0.5205      0.5942      0.6667      0.7356      0.7984

      0.9271      0.8483      0.7632      0.6746       0.585      0.4969      0.4121      0.3323      0.2586       0.192      0.1328     0.08114     0.03699   3.142e-05    -0.03017    -0.05407    -0.07215     -0.0848    -0.09237    -0.09503    -0.09287    -0.08579    -0.07359    -0.05591    -0.03234   -0.002381     0.03444     0.07856      0.1303      0.1897      0.2567      0.3309      0.4113      0.4968      0.5858      0.6761      0.7656      0.8515      0.9308

       1.075      0.9768      0.8719      0.7635      0.6547      0.5481       0.446      0.3504      0.2625      0.1833      0.1132     0.05226   0.0003665    -0.04294    -0.07821     -0.1061     -0.1271     -0.1417     -0.1505     -0.1536     -0.1511     -0.1429     -0.1287     -0.1082    -0.08072    -0.04574   -0.002614     0.04923      0.1102      0.1806      0.2602      0.3486       0.445      0.5478      0.6554      0.7652      0.8746      0.9804       1.079

       1.241        1.12      0.9916      0.8598      0.7282      0.5998      0.4775      0.3634       0.259      0.1653      0.0828     0.01144    -0.04911    -0.09943     -0.1403     -0.1724     -0.1965     -0.2134     -0.2234      -0.227     -0.2241     -0.2147     -0.1984     -0.1748     -0.1431     -0.1026    -0.05253    0.007943     0.07939      0.1622      0.2563      0.3613      0.4761      0.5994      0.7288      0.8615      0.9945       1.124       1.246

       1.427       1.279       1.123      0.9634      0.8046      0.6506      0.5044      0.3687      0.2452       0.135     0.03838    -0.04473     -0.1149     -0.1729     -0.2198     -0.2565      -0.284     -0.3031     -0.3145     -0.3185     -0.3152     -0.3046     -0.2861     -0.2592      -0.223     -0.1765     -0.1187     -0.0487     0.03448      0.1314      0.2421      0.3662      0.5027      0.6499      0.8051      0.9652       1.126       1.284       1.433

       1.637       1.456       1.267       1.074      0.8829      0.6983      0.5241      0.3633      0.2177     0.08855    -0.02394     -0.1201     -0.2008     -0.2672     -0.3205      -0.362      -0.393     -0.4145     -0.4272     -0.4317      -0.428      -0.416     -0.3953      -0.365      -0.324     -0.2712     -0.2051     -0.1246    -0.02831     0.08444      0.2141      0.3603      0.5221      0.6974      0.8833       1.076        1.27       1.461       1.643

       1.873       1.653       1.424       1.191      0.9613      0.7405      0.5333      0.3431      0.1722     0.02165     -0.1086     -0.2191     -0.3111     -0.3863     -0.4463     -0.4928     -0.5273     -0.5511     -0.5651       -0.57      -0.566     -0.5528     -0.5298      -0.496     -0.4501     -0.3907     -0.3158     -0.2239     -0.1134      0.0171      0.1682      0.3398      0.5309      0.7393      0.9615       1.193       1.427       1.659       1.879

       2.138       1.872       1.594       1.313       1.037      0.7735      0.5276      0.3036      0.1038    -0.07074     -0.2204     -0.3463     -0.4503     -0.5346     -0.6013     -0.6526     -0.6905     -0.7164     -0.7317      -0.737     -0.7326     -0.7182     -0.6931      -0.656     -0.6054     -0.5392     -0.4554     -0.3515     -0.2256    -0.07567     0.09938      0.2999      0.5249      0.7721       1.037       1.315       1.598       1.878       2.145

       2.438       2.115       1.779       1.439       1.108      0.7928      0.5016      0.2387    0.006526     -0.1944     -0.3649      -0.507     -0.6231     -0.7163     -0.7894     -0.8451      -0.886     -0.9138     -0.9301     -0.9358     -0.9311     -0.9157     -0.8887     -0.8487     -0.7937     -0.7211     -0.6284     -0.5125     -0.3704     -0.1996    0.001791      0.2348      0.4987      0.7912       1.108       1.441       1.782       2.121       2.445

       2.777       2.385       1.976       1.566       1.168      0.7923      0.4486      0.1415     -0.1266     -0.3559     -0.5481     -0.7064     -0.8342     -0.9356      -1.014      -1.074      -1.117      -1.146      -1.163      -1.169      -1.164      -1.148       -1.12      -1.077      -1.019     -0.9406     -0.8396      -0.712     -0.5538     -0.3614     -0.1316      0.1373      0.4455      0.7906       1.167       1.568        1.98       2.391       2.784

       3.161       2.684       2.187        1.69        1.21      0.7639      0.3595     0.00301      -0.304     -0.5627     -0.7766       -0.95      -1.088      -1.196      -1.279      -1.341      -1.385      -1.415      -1.432      -1.438      -1.433      -1.417      -1.388      -1.344      -1.283      -1.201      -1.094     -0.9558     -0.7823     -0.5683      -0.309   -0.001228      0.3564       0.762        1.21       1.691        2.19       2.689       3.168

       3.598       3.015       2.407       1.803       1.227      0.6963       0.223     -0.1877     -0.5353     -0.8233      -1.057      -1.243      -1.389      -1.501      -1.586      -1.648      -1.692      -1.721      -1.738      -1.744      -1.739      -1.723      -1.695      -1.652       -1.59      -1.506      -1.395      -1.249      -1.063     -0.8287     -0.5403     -0.1919      0.2198      0.6945       1.227       1.805       2.411        3.02       3.605

         4.1       3.382       2.635       1.898       1.203      0.5744     0.02384     -0.4442     -0.8322      -1.147      -1.397      -1.592      -1.741      -1.853      -1.936      -1.996      -2.037      -2.065       -2.08      -2.085      -2.081      -2.066       -2.04      -1.999       -1.94      -1.858      -1.746      -1.597      -1.402      -1.152      -0.837     -0.4483     0.02082      0.5727       1.203       1.899       2.638       3.387       4.107

       4.683        3.79       2.863       1.958        1.12       0.377     -0.2576     -0.7835      -1.208      -1.543      -1.802      -1.999      -2.146      -2.253       -2.33      -2.384       -2.42      -2.443      -2.456       -2.46      -2.457      -2.445      -2.422      -2.387      -2.334      -2.257       -2.15      -2.004      -1.807      -1.548      -1.212     -0.7872     -0.2604      0.3754        1.12       1.959       2.866       3.795       4.689

       5.369       4.243       3.078       1.958      0.9461     0.07438     -0.6474      -1.226      -1.678      -2.023       -2.28      -2.469      -2.604      -2.699      -2.764      -2.808      -2.836      -2.853      -2.862      -2.865      -2.863      -2.854      -2.838      -2.811      -2.768      -2.703      -2.608      -2.473      -2.285      -2.027      -1.682       -1.23     -0.6498     0.07305       0.946        1.96        3.08       4.247       5.374

       6.194       4.744       3.255       1.858       0.637     -0.3751      -1.179      -1.797      -2.259      -2.596      -2.836      -3.002      -3.115      -3.189      -3.236      -3.264       -3.28      -3.289      -3.293      -3.294      -3.293       -3.29      -3.282      -3.266      -3.238      -3.192      -3.118      -3.006      -2.839      -2.599      -2.262        -1.8      -1.181     -0.3761      0.6371        1.86       3.257       4.747       6.199

       7.217       5.291       3.347        1.59      0.1236      -1.029      -1.896      -2.525      -2.967       -3.27       -3.47      -3.597      -3.673      -3.716      -3.737      -3.744      -3.745      -3.742       -3.74      -3.739       -3.74      -3.743      -3.746      -3.746      -3.739      -3.718      -3.676      -3.599      -3.472      -3.272       -2.97      -2.527      -1.897       -1.03      0.1239       1.591       3.349       5.294        7.22

       8.528       5.862       3.259       1.035     -0.6981      -1.965      -2.848      -3.437      -3.816      -4.047      -4.179      -4.246      -4.271      -4.271      -4.258      -4.239       -4.22      -4.204      -4.194      -4.191      -4.194      -4.205      -4.221       -4.24      -4.259      -4.272      -4.272      -4.247      -4.181      -4.049      -3.817      -3.438      -2.848      -1.965     -0.6976       1.036        3.26       5.864        8.53

       10.28       6.376       2.796   -0.004026      -1.981      -3.282      -4.088      -4.559       -4.81      -4.924      -4.954      -4.937      -4.894      -4.841      -4.786      -4.736      -4.695      -4.664      -4.645      -4.638      -4.645      -4.664      -4.695      -4.737      -4.787      -4.841      -4.895      -4.938      -4.955      -4.924       -4.81      -4.559      -4.088      -3.282      -1.981   -0.002835       2.797       6.377       10.28

       12.69       6.572       1.557      -1.861      -3.937      -5.088      -5.661      -5.895      -5.938       -5.88      -5.774       -5.65      -5.525      -5.409      -5.307      -5.222      -5.156      -5.108      -5.079       -5.07      -5.079      -5.108      -5.155      -5.222      -5.307      -5.409      -5.525       -5.65      -5.774       -5.88      -5.937      -5.894      -5.661      -5.087      -3.936       -1.86       1.558       6.573       12.69

       16.01       5.669      -1.277      -5.055      -6.814      -7.467      -7.569      -7.415       -7.16      -6.878      -6.605      -6.357       -6.14      -5.955      -5.803      -5.682      -5.589      -5.524      -5.486      -5.473      -5.486      -5.524      -5.589      -5.681      -5.802      -5.954      -6.138      -6.355      -6.604      -6.877      -7.159      -7.414      -7.567      -7.466      -6.812      -5.054      -1.276       5.669       16.01

       19.97       1.371      -7.274      -10.27      -10.79      -10.39      -9.725      -9.032      -8.402      -7.859      -7.402      -7.022       -6.71      -6.458      -6.256      -6.099      -5.981        -5.9      -5.852      -5.836      -5.852      -5.899       -5.98      -6.097      -6.254      -6.455      -6.708       -7.02      -7.399      -7.857        -8.4       -9.03      -9.723      -10.39      -10.79      -10.26      -7.274       1.371       19.97

       21.03      -12.88      -18.92      -17.94      -15.69      -13.59       -11.9      -10.58      -9.549      -8.744      -8.109      -7.606      -7.208      -6.893      -6.646      -6.458      -6.319      -6.223      -6.167      -6.148      -6.166      -6.222      -6.317      -6.456      -6.644       -6.89      -7.205      -7.603      -8.106      -8.741      -9.547      -10.58       -11.9      -13.59      -15.68      -17.94      -18.92      -12.88       21.03

           0      -54.97      -37.61      -26.88      -20.42      -16.38      -13.69      -11.82      -10.46      -9.448      -8.672      -8.072      -7.605      -7.241       -6.96      -6.747      -6.591      -6.484      -6.421      -6.401      -6.421      -6.482      -6.589      -6.744      -6.957      -7.238      -7.601      -8.068      -8.668      -9.445      -10.46      -11.82      -13.69      -16.37      -20.42      -26.88      -37.61      -54.97           0

