
FINAL VORTICITY - in row major format (rows divided by a blank line)

           0   0.0003692     0.01376     0.03815     0.06916      0.1032      0.1378      0.1718      0.2044      0.2351      0.2637      0.2898      0.3134      0.3342       0.352      0.3668      0.3784      0.3868      0.3918      0.3935      0.3918      0.3868      0.3784      0.3668       0.352      0.3342      0.3134      0.2899      0.2637      0.2352      0.2045      0.1719      0.1379      0.1032     0.06918     0.03816     0.01375   0.0003615           0

   0.0003692     0.01298     0.02506     0.04077     0.06015     0.08194      0.1048      0.1277      0.1499       0.171      0.1907      0.2087       0.225      0.2394      0.2517      0.2619      0.2699      0.2757      0.2792      0.2803      0.2792      0.2757      0.2699      0.2619      0.2517      0.2394       0.225      0.2088      0.1907      0.1711        0.15      0.1278      0.1049     0.08199     0.06019      0.0408     0.02508     0.01299   0.0003615

     0.01369      0.0252     0.03197     0.03915     0.04861     0.06037     0.07367     0.08763      0.1016       0.115      0.1276      0.1392      0.1497      0.1589      0.1669      0.1735      0.1786      0.1824      0.1846      0.1853      0.1846      0.1824      0.1787      0.1735      0.1669       0.159      0.1498      0.1393      0.1277      0.1151      0.1016      0.0877     0.07372     0.06042     0.04866      0.0392     0.03201     0.02522     0.01368

     0.03814     0.04137     0.03971     0.03807     0.03886     0.04252     0.04843     0.05568     0.06349     0.07129     0.07874     0.08565      0.0919     0.09742      0.1022      0.1061      0.1092      0.1114      0.1128      0.1132      0.1128      0.1114      0.1092      0.1061      0.1022     0.09747     0.09195      0.0857     0.07879     0.07134     0.06354     0.05573     0.04847     0.04255      0.0389     0.03812     0.03976     0.04142     0.03814

     0.06981     0.06183     0.05026     0.03984     0.03304     0.03024     0.03066     0.03316     0.03675     0.04075     0.04474     0.04852     0.05196     0.05501     0.05764     0.05982     0.06153     0.06276      0.0635     0.06375      0.0635     0.06277     0.06154     0.05984     0.05767     0.05505       0.052     0.04856     0.04479     0.04079     0.03678     0.03318     0.03067     0.03024     0.03305     0.03988     0.05032      0.0619     0.06984

      0.1057     0.08571     0.06381     0.04491     0.03141     0.02343     0.01982     0.01909     0.01996     0.02159     0.02346     0.02533     0.02707     0.02863     0.02997     0.03108     0.03196     0.03259     0.03297     0.03309     0.03297     0.03259     0.03197      0.0311     0.02999     0.02865      0.0271     0.02536     0.02349     0.02161     0.01997     0.01908      0.0198      0.0234     0.03139     0.04494     0.06389      0.0858      0.1058

      0.1442      0.1121     0.07987      0.0528     0.03321     0.02092     0.01427     0.01134     0.01052     0.01075     0.01142     0.01222     0.01302     0.01375     0.01438     0.01491     0.01532     0.01562      0.0158     0.01586      0.0158     0.01563     0.01533     0.01492     0.01439     0.01376     0.01304     0.01224     0.01143     0.01075     0.01051     0.01131     0.01422     0.02086     0.03318     0.05281     0.07996      0.1122      0.1443

      0.1846      0.1404     0.09786     0.06277     0.03744      0.0213      0.0122    0.007678    0.005782    0.005212    0.005236    0.005489    0.005804    0.006112    0.006386    0.006616    0.006798    0.006929    0.007008    0.007035     0.00701    0.006932    0.006802    0.006622    0.006393    0.006119    0.005811    0.005495    0.005237    0.005202    0.005754    0.007625     0.01212     0.02122     0.03738     0.06277     0.09796      0.1406      0.1848

      0.2269      0.1704      0.1174     0.07421     0.04323     0.02345     0.01215    0.006361    0.003713    0.002664    0.002346    0.002327    0.002413    0.002525    0.002632    0.002725    0.002799    0.002852    0.002885    0.002896    0.002886    0.002854    0.002801    0.002728    0.002635    0.002528    0.002415    0.002326    0.002339    0.002644    0.003671    0.006289     0.01205     0.02333     0.04314     0.07421      0.1175      0.1706      0.2272

      0.2713      0.2021      0.1383     0.08679     0.05002      0.0266      0.0132    0.006261    0.003009    0.001634    0.001121   0.0009671   0.0009492   0.0009753    0.001011    0.001045    0.001073    0.001093    0.001106     0.00111    0.001106    0.001094    0.001074    0.001046    0.001013   0.0009762   0.0009488   0.0009632    0.001109    0.001606    0.002956    0.006171     0.01307     0.02646     0.04991     0.08678      0.1384      0.2024      0.2716

      0.3183      0.2358      0.1606      0.1003     0.05755     0.03036     0.01481     0.00675    0.002945    0.001305   0.0006602   0.0004336   0.0003676   0.0003575   0.0003645   0.0003748   0.0003843   0.0003914   0.0003958   0.0003973   0.0003959   0.0003916   0.0003846   0.0003752   0.0003647   0.0003572   0.0003656   0.0004274   0.0006446    0.001271    0.002881    0.006644     0.01466     0.03019     0.05742      0.1003      0.1607      0.2361      0.3186

      0.3682      0.2716      0.1844      0.1149      0.0657     0.03454     0.01674    0.007523    0.003165    0.001276   0.0005226   0.0002468   0.0001554   0.0001295   0.0001249   0.0001264   0.0001291   0.0001314   0.0001328   0.0001333   0.0001329   0.0001314   0.0001292   0.0001265   0.0001247   0.0001286   0.0001525    0.000239   0.0005041    0.001236    0.003091    0.007401     0.01657     0.03434     0.06555      0.1149      0.1845       0.272      0.3686

      0.4217        0.31      0.2099      0.1305     0.07449     0.03908      0.0189    0.008449    0.003511    0.001369    0.000512   0.0001946   8.589e-05   5.181e-05   4.247e-05   4.067e-05   4.091e-05    4.15e-05   4.196e-05   4.212e-05   4.196e-05    4.15e-05   4.088e-05   4.056e-05   4.207e-05   5.056e-05   8.235e-05   0.0001855   0.0004908    0.001325    0.003427     0.00831      0.0187     0.03886     0.07431      0.1305      0.2101      0.3104      0.4222

      0.4793      0.3514      0.2373      0.1473     0.08396       0.044     0.02124     0.00948    0.003925    0.001515   0.0005498   0.0001915   6.775e-05   2.796e-05   1.613e-05   1.301e-05   1.239e-05   1.241e-05   1.253e-05   1.257e-05   1.252e-05   1.239e-05   1.233e-05   1.283e-05   1.562e-05   2.647e-05   6.369e-05   0.0001812   0.0005259    0.001464     0.00383    0.009323     0.02102     0.04375     0.08376      0.1473      0.2376      0.3518      0.4799

      0.5417      0.3961      0.2671      0.1655     0.09422     0.04932     0.02379     0.01061    0.004385    0.001687   0.0006071   0.0002059   6.707e-05   2.215e-05   8.537e-06   4.696e-06    3.74e-06   3.566e-06   3.573e-06   3.581e-06   3.559e-06   3.533e-06   3.662e-06   4.493e-06   7.952e-06   2.047e-05   6.251e-05   0.0001944   0.0005803    0.001631    0.004278     0.01043     0.02354     0.04904     0.09399      0.1655      0.2673      0.3967      0.5423

      0.6096      0.4449      0.2994      0.1853      0.1054     0.05511     0.02656     0.01183    0.004889    0.001879   0.0006745   0.0002271   7.224e-05   2.206e-05   6.796e-06   2.442e-06   1.289e-06   1.023e-06   9.777e-07   9.697e-07   9.642e-07   9.875e-07   1.207e-06   2.217e-06   6.148e-06    2.02e-05   6.715e-05   0.0002142   0.0006446    0.001816     0.00477     0.01164     0.02629     0.05479      0.1051      0.1852      0.2997      0.4454      0.6103

      0.6839      0.4982      0.3348      0.2069      0.1176     0.06143     0.02959     0.01318     0.00544     0.00209   0.0007494   0.0002518   7.961e-05    2.38e-05   6.807e-06   1.936e-06   6.401e-07   3.171e-07   2.494e-07   2.408e-07   2.367e-07   2.844e-07   5.549e-07   1.696e-06   6.094e-06   2.174e-05   7.396e-05   0.0002375   0.0007161    0.002019    0.005307     0.01296     0.02928     0.06108      0.1173      0.2069      0.3351      0.4988      0.6847

      0.7656      0.5567      0.3736      0.2307      0.1309     0.06837     0.03291     0.01465    0.006044    0.002321    0.000832   0.0002794   8.815e-05   2.622e-05   7.357e-06    1.94e-06   4.811e-07   1.227e-07   5.328e-08   4.735e-08   4.275e-08   9.216e-08   3.962e-07   1.683e-06   6.578e-06   2.394e-05   8.188e-05   0.0002634   0.0007949    0.002243    0.005897      0.0144     0.03257     0.06797      0.1306      0.2306       0.374      0.5575      0.7664

      0.8559      0.6215      0.4165      0.2569      0.1457     0.07603     0.03658     0.01627    0.006711    0.002576    0.000923   0.0003097    9.76e-05   2.892e-05    8.02e-06   2.034e-06   4.247e-07   1.099e-08  -8.291e-08  -9.196e-08  -9.122e-08  -1.593e-08   3.391e-07   1.761e-06   7.166e-06    2.64e-05   9.066e-05   0.0002921   0.0008819    0.002489    0.006547       0.016     0.03619     0.07558      0.1453      0.2568      0.4169      0.6223      0.8569

      0.9563      0.6934      0.4642      0.2861      0.1621     0.08453     0.04064     0.01807     0.00745    0.002858    0.001024   0.0003431   0.0001078   3.162e-05   8.445e-06   1.805e-06   1.855e-08  -4.427e-07  -5.522e-07  -5.676e-07  -5.581e-07  -4.665e-07  -6.752e-08   1.512e-06    7.51e-06   2.883e-05   0.0001001   0.0003235   0.0009779    0.002762    0.007268     0.01777     0.04021     0.08403      0.1617       0.286      0.4646      0.6943      0.9574

       1.069      0.7739      0.5175      0.3186      0.1804     0.09402     0.04518     0.02008    0.008274    0.003172    0.001134   0.0003788   0.0001177   3.316e-05   7.477e-06   1.196e-07  -1.869e-06  -2.384e-06  -2.513e-06  -2.531e-06  -2.517e-06  -2.405e-06  -1.956e-06  -1.961e-07    6.45e-06   3.008e-05   0.0001091    0.000357    0.001084    0.003065     0.00807     0.01974      0.0447     0.09346        0.18      0.3185       0.518      0.7749        1.07

       1.195      0.8645      0.5776      0.3553       0.201      0.1047     0.05029     0.02233    0.009194    0.003518    0.001253   0.0004129   0.0001227    2.88e-05   3.032e-07  -7.855e-06  -1.007e-05  -1.065e-05  -1.081e-05  -1.083e-05  -1.081e-05  -1.067e-05  -1.016e-05  -8.196e-06  -8.303e-07   2.539e-05   0.0001132   0.0003886    0.001196    0.003399    0.008967     0.02195     0.04975      0.1041      0.2005      0.3552      0.5781      0.8656       1.196

       1.339      0.9675      0.6459       0.397      0.2245      0.1168     0.05606     0.02486     0.01021    0.003888    0.001363   0.0004279   0.0001048   3.669e-07  -3.131e-05  -4.034e-05  -4.278e-05  -4.343e-05  -4.361e-05  -4.363e-05  -4.361e-05  -4.345e-05  -4.287e-05  -4.072e-05  -3.256e-05  -3.431e-06   9.422e-05   0.0004009      0.0013    0.003754    0.009961     0.02444     0.05545      0.1161      0.2239      0.3968      0.6464      0.9688        1.34

       1.503       1.086      0.7242      0.4448      0.2513      0.1306      0.0626     0.02769      0.0113    0.004225    0.001404   0.0003592  -1.329e-06  -0.0001177  -0.0001528  -0.0001627  -0.0001653   -0.000166  -0.0001661  -0.0001661  -0.0001661   -0.000166  -0.0001654  -0.0001631  -0.0001542  -0.0001219  -1.312e-05    0.000329    0.001333    0.004076     0.01101     0.02721     0.06192      0.1298      0.2506      0.4446      0.7248       1.087       1.505

       1.694       1.223      0.8152      0.5002      0.2822      0.1465     0.06992     0.03068     0.01226    0.004323    0.001157  -1.335e-05  -0.0004165  -0.0005459  -0.0005845   -0.000595  -0.0005975  -0.0005979  -0.0005979  -0.0005978  -0.0005979  -0.0005979  -0.0005976  -0.0005954   -0.000586  -0.0005506  -0.0004296  -4.722e-05    0.001078    0.004154     0.01194     0.03014     0.06915      0.1456      0.2815         0.5      0.8158       1.225       1.696

       1.919       1.385      0.9222      0.5651      0.3181      0.1643     0.07767     0.03327     0.01246    0.003499  -6.871e-05   -0.001384   -0.001834   -0.001976   -0.002017   -0.002027   -0.002028   -0.002028   -0.002027   -0.002027   -0.002027   -0.002027   -0.002028   -0.002027   -0.002019   -0.001982   -0.001849   -0.001422  -0.0001583    0.003308      0.0121     0.03266     0.07678      0.1633      0.3172      0.5648      0.9229       1.386       1.922

       2.189       1.579        1.05      0.6415       0.359      0.1832     0.08427     0.03362    0.009924  -0.0002638   -0.004301   -0.005778   -0.006273   -0.006423   -0.006459   -0.006463   -0.006459   -0.006455   -0.006452   -0.006451   -0.006452   -0.006455   -0.006459   -0.006463   -0.006461   -0.006428   -0.006289    -0.00582   -0.004402  -0.0004813    0.009507     0.03292     0.08324       0.182      0.3579      0.6411       1.051       1.581       2.192

        2.52       1.816       1.204      0.7303      0.4029      0.1993     0.08491     0.02648  -0.0007749    -0.01242    -0.01699    -0.01862    -0.01914    -0.01928    -0.01929    -0.01927    -0.01925    -0.01923    -0.01923    -0.01922    -0.01922    -0.01923    -0.01925    -0.01927    -0.01929    -0.01928    -0.01916    -0.01867    -0.01711    -0.01267   -0.001257     0.02566     0.08371      0.1979      0.4016      0.7298       1.204       1.818       2.523

       2.938       2.111       1.389      0.8288      0.4417      0.2015     0.06691   -0.001455    -0.03309    -0.04642    -0.05151    -0.05323    -0.05368    -0.05372    -0.05365    -0.05357     -0.0535    -0.05345    -0.05342    -0.05341    -0.05342    -0.05345     -0.0535    -0.05357    -0.05365    -0.05373     -0.0537    -0.05327    -0.05164    -0.04671    -0.03365   -0.002424     0.06547      0.1997        0.44       0.828       1.389       2.114       2.941

       3.482       2.484       1.606      0.9235      0.4528      0.1623   0.0008421    -0.08025     -0.1171     -0.1321     -0.1375      -0.139     -0.1391     -0.1389     -0.1386     -0.1383     -0.1381      -0.138     -0.1379     -0.1378     -0.1379      -0.138     -0.1381     -0.1383     -0.1386     -0.1389     -0.1392      -0.139     -0.1376     -0.1325     -0.1177    -0.08139  -0.0009134        0.16      0.4506      0.9222       1.606       2.487       3.487

       4.215       2.958       1.842      0.9768      0.3846     0.02356     -0.1736     -0.2703     -0.3126     -0.3287     -0.3334     -0.3339     -0.3331      -0.332     -0.3311     -0.3303     -0.3298     -0.3294     -0.3292     -0.3291     -0.3292     -0.3294     -0.3298     -0.3303      -0.331      -0.332      -0.333     -0.3339     -0.3335      -0.329     -0.3133     -0.2717     -0.1758     0.02074      0.3816      0.9748       1.842       2.962        4.22

       5.228        3.55       2.053      0.9053       0.135     -0.3227     -0.5646     -0.6777     -0.7234     -0.7378     -0.7395     -0.7371     -0.7338     -0.7308     -0.7284     -0.7265     -0.7252     -0.7242     -0.7237     -0.7235     -0.7237     -0.7242     -0.7251     -0.7265     -0.7283     -0.7307     -0.7337      -0.737     -0.7396      -0.738     -0.7241     -0.6793     -0.5671     -0.3262      0.1311      0.9024       2.053       3.554       5.234

       6.654       4.253        2.13      0.5496     -0.4701      -1.048      -1.336      -1.459      -1.501      -1.506        -1.5      -1.491      -1.482      -1.475      -1.469      -1.465      -1.462      -1.459      -1.458      -1.458      -1.458      -1.459      -1.462      -1.465      -1.469      -1.474      -1.482       -1.49        -1.5      -1.507      -1.501      -1.461      -1.339      -1.052     -0.4748      0.5456       2.129       4.256       6.661

       8.675       4.983       1.843     -0.3585      -1.684      -2.379      -2.689      -2.798      -2.816      -2.799      -2.774       -2.75       -2.73      -2.715      -2.703      -2.694      -2.688      -2.683      -2.681       -2.68      -2.681      -2.683      -2.688      -2.694      -2.703      -2.715       -2.73       -2.75      -2.773      -2.799      -2.816        -2.8      -2.692      -2.383       -1.69     -0.3632       1.841       4.986       8.682

       11.51       5.459      0.7461      -2.222      -3.813      -4.535       -4.79      -4.828      -4.784       -4.72       -4.66       -4.61      -4.571      -4.541      -4.518      -4.501      -4.488       -4.48      -4.475      -4.473      -4.475      -4.479      -4.488      -4.501      -4.518      -4.541      -4.571       -4.61      -4.659       -4.72      -4.784      -4.829      -4.792      -4.539      -3.818      -2.227      0.7439       5.462       11.52

       15.34       4.856      -2.006      -5.582      -7.122      -7.615      -7.647      -7.516      -7.352      -7.206      -7.087      -6.996      -6.926      -6.872      -6.831      -6.801      -6.779      -6.764      -6.755      -6.752      -6.755      -6.763      -6.779      -6.801      -6.831      -6.872      -6.925      -6.995      -7.086      -7.205      -7.352      -7.516      -7.648      -7.617      -7.125      -5.585      -2.008       4.858       15.35

       19.76      0.8382      -7.955      -11.04      -11.67      -11.44      -10.99      -10.56       -10.2      -9.936      -9.735      -9.584      -9.471      -9.384      -9.318      -9.269      -9.233      -9.208      -9.194      -9.189      -9.194      -9.208      -9.233      -9.269      -9.318      -9.384       -9.47      -9.584      -9.734      -9.935       -10.2      -10.55      -10.99      -11.44      -11.67      -11.04      -7.955      0.8398       19.76

       21.06      -13.15      -19.48      -18.85      -17.02      -15.41      -14.21      -13.37      -12.79      -12.37      -12.07      -11.85      -11.68      -11.55      -11.46      -11.38      -11.33      -11.29      -11.27      -11.26      -11.27      -11.29      -11.33      -11.38      -11.46      -11.55      -11.68      -11.85      -12.07      -12.37      -12.78      -13.37      -14.21       -15.4      -17.02      -18.84      -19.48      -13.15       21.06

           0      -54.94      -37.81      -27.59      -21.81       -18.5      -16.53      -15.31       -14.5      -13.95      -13.55      -13.25      -13.03      -12.86      -12.73      -12.63      -12.55       -12.5      -12.47      -12.46      -12.47       -12.5      -12.55      -12.63      -12.73      -12.86      -13.03      -13.25      -13.55      -13.95       -14.5       -15.3      -16.53       -18.5      -21.81      -27.59      -37.81      -54.94           0

