
FINAL VORTICITY - in row major format (rows divided by a blank line)

           0    -0.02661    0.009117      0.1144      0.2721      0.4622      0.6667      0.8716       1.067       1.245       1.402       1.537        1.65       1.742       1.815       1.872       1.913       1.941       1.957       1.963       1.958       1.941       1.913       1.872       1.816       1.743       1.651       1.538       1.403       1.245       1.067       0.872       0.667      0.4624      0.2723      0.1145    0.009121    -0.02662           0

   -0.006652     0.01596     0.06777       0.164      0.2989      0.4597      0.6337      0.8094      0.9783       1.134       1.274       1.395       1.497       1.581       1.649       1.701        1.74       1.766       1.782       1.787       1.782       1.767        1.74       1.701       1.649       1.581       1.497       1.395       1.274       1.135      0.9787      0.8098       0.634        0.46       0.299      0.1641     0.06781     0.01597   -0.006656

   -0.009217     0.05124      0.1153       0.204      0.3191      0.4541      0.6003      0.7491      0.8935       1.028        1.15       1.257       1.348       1.424       1.486       1.534        1.57       1.595        1.61       1.615        1.61       1.595       1.571       1.535       1.486       1.425       1.349       1.257       1.151       1.029      0.8939      0.7494      0.6006      0.4543      0.3193      0.2041      0.1154     0.05127   -0.009223

   0.0007028     0.08561      0.1568      0.2375      0.3344      0.4458      0.5664      0.6901      0.8113      0.9259       1.031       1.124       1.204       1.272       1.327       1.371       1.404       1.427       1.441       1.445       1.441       1.427       1.404       1.371       1.328       1.272       1.204       1.124       1.031      0.9262      0.8117      0.6903      0.5666       0.446      0.3346      0.2376      0.1568     0.08566   0.0007028

     0.02654      0.1234      0.1958      0.2669      0.3462      0.4353      0.5318      0.6318      0.7311      0.8262      0.9144      0.9938       1.063       1.123       1.172       1.211       1.241       1.262       1.274       1.278       1.274       1.262       1.241       1.211       1.172       1.123       1.064      0.9941      0.9146      0.8264      0.7313       0.632       0.532      0.4355      0.3464       0.267      0.1959      0.1235     0.02656

     0.06912      0.1674      0.2353      0.2943      0.3556      0.4231      0.4965      0.5738       0.652      0.7284      0.8005      0.8666      0.9255      0.9765       1.019       1.054        1.08       1.099        1.11       1.114        1.11       1.099        1.08       1.054       1.019      0.9766      0.9257      0.8668      0.8007      0.7286      0.6522       0.574      0.4967      0.4233      0.3558      0.2944      0.2354      0.1675     0.06916

       0.128      0.2191      0.2769      0.3213      0.3636      0.4095      0.4604      0.5157      0.5736      0.6318      0.6884      0.7415      0.7899      0.8325      0.8689      0.8987      0.9217      0.9382       0.948      0.9513       0.948      0.9382      0.9218      0.8987       0.869      0.8326        0.79      0.7417      0.6885      0.6319      0.5737      0.5158      0.4605      0.4096      0.3637      0.3214      0.2771      0.2192      0.1281

      0.2021       0.279       0.322      0.3488      0.3708      0.3947      0.4233      0.4571      0.4952      0.5358      0.5773      0.6178      0.6559      0.6904      0.7204      0.7455      0.7652      0.7794      0.7879      0.7908      0.7879      0.7794      0.7652      0.7455      0.7205      0.6904      0.6559      0.6178      0.5773      0.5359      0.4952      0.4572      0.4234      0.3948      0.3709      0.3489      0.3222      0.2792      0.2022

      0.2903      0.3475      0.3713      0.3775      0.3776      0.3788       0.385      0.3976      0.4162      0.4398      0.4665      0.4947      0.5228      0.5494      0.5733      0.5938      0.6102      0.6222      0.6294      0.6319      0.6294      0.6222      0.6102      0.5938      0.5733      0.5494      0.5228      0.4947      0.4665      0.4397      0.4162      0.3975       0.385      0.3788      0.3776      0.3776      0.3715      0.3477      0.2905

      0.3915      0.4244      0.4251      0.4079      0.3842      0.3617      0.3452      0.3365      0.3361      0.3429      0.3554      0.3718      0.3902      0.4091      0.4271      0.4432      0.4563      0.4662      0.4722      0.4742      0.4722      0.4661      0.4563      0.4431      0.4271       0.409      0.3901      0.3716      0.3553      0.3428       0.336      0.3364      0.3451      0.3617      0.3842       0.408      0.4252      0.4246      0.3918

      0.5047      0.5094      0.4833      0.4399      0.3905      0.3433      0.3034      0.2735      0.2542      0.2446      0.2433      0.2483      0.2575      0.2691      0.2814      0.2932      0.3033       0.311      0.3159      0.3175      0.3158       0.311      0.3032       0.293      0.2813      0.2689      0.2573      0.2481      0.2431      0.2444       0.254      0.2733      0.3033      0.3432      0.3905        0.44      0.4835      0.5097       0.505

      0.6291      0.6022       0.546      0.4736      0.3964       0.323      0.2592      0.2078      0.1698      0.1443      0.1296      0.1236       0.124      0.1287      0.1357      0.1434      0.1507      0.1565      0.1602      0.1614      0.1601      0.1564      0.1505      0.1433      0.1355      0.1284      0.1238      0.1233      0.1293       0.144      0.1695      0.2076       0.259      0.3229      0.3963      0.4737      0.5462      0.6025      0.6294

      0.7641      0.7025      0.6129      0.5085      0.4013      0.3004      0.2118      0.1388     0.08219      0.0411      0.0136    -0.00278    -0.01064    -0.01246    -0.01043   -0.006403   -0.001832    0.002179    0.004869    0.005796    0.004813    0.002067   -0.001998   -0.006623     -0.0107    -0.01278    -0.01099   -0.003153     0.01322     0.04073     0.08185      0.1385      0.2116      0.3002      0.4013      0.5086       0.613      0.7027      0.7645

      0.9093      0.8098      0.6835      0.5443      0.4047      0.2747      0.1605     0.06563   -0.009362    -0.06559     -0.1054     -0.1315     -0.1471     -0.1548     -0.1573     -0.1567     -0.1545     -0.1521     -0.1503     -0.1497     -0.1504     -0.1522     -0.1547     -0.1569     -0.1577     -0.1552     -0.1475      -0.132     -0.1058    -0.06603   -0.009772     0.06528      0.1603      0.2745      0.4047      0.5443      0.6837      0.8101      0.9097

       1.065      0.9239      0.7574      0.5802      0.4059       0.245      0.1045    -0.01259     -0.1057     -0.1766     -0.2279     -0.2632     -0.2857     -0.2989     -0.3054     -0.3077     -0.3076     -0.3066     -0.3057     -0.3053     -0.3057     -0.3068     -0.3079      -0.308     -0.3058     -0.2993     -0.2862     -0.2637     -0.2284     -0.1771     -0.1062      -0.013      0.1041      0.2448      0.4058      0.5802      0.7576      0.9243       1.065

        1.23       1.045      0.8342      0.6154      0.4037      0.2103     0.04244     -0.0969     -0.2078     -0.2926     -0.3548     -0.3983     -0.4271     -0.4449     -0.4549     -0.4597     -0.4615     -0.4616     -0.4613     -0.4612     -0.4614     -0.4618     -0.4617     -0.4601     -0.4553     -0.4454     -0.4276     -0.3988     -0.3553     -0.2932     -0.2083    -0.09735     0.04209      0.2101      0.4036      0.6155      0.8344       1.045        1.23

       1.406       1.172      0.9131       0.649      0.3969      0.1692    -0.02677     -0.1884     -0.3166     -0.4146     -0.4866     -0.5374     -0.5716     -0.5934     -0.6062     -0.6131     -0.6162     -0.6173     -0.6175     -0.6175     -0.6176     -0.6174     -0.6164     -0.6134     -0.6067     -0.5939     -0.5722      -0.538     -0.4872     -0.4152     -0.3172     -0.1889    -0.02715       0.169      0.3968      0.6491      0.9133       1.172       1.406

       1.593       1.305      0.9934      0.6797      0.3841      0.1202     -0.1046     -0.2884     -0.4332     -0.5433      -0.624     -0.6811     -0.7197     -0.7445     -0.7595     -0.7679      -0.772     -0.7737     -0.7743     -0.7744     -0.7744     -0.7739     -0.7723     -0.7682       -0.76      -0.745     -0.7202     -0.6817     -0.6247     -0.5439     -0.4338      -0.289      -0.105      0.1199      0.3839      0.6798      0.9936       1.306       1.593

       1.791       1.445       1.074       0.706      0.3633     0.06134     -0.1928     -0.3984     -0.5587     -0.6796     -0.7677     -0.8297     -0.8716     -0.8986      -0.915     -0.9243     -0.9289      -0.931     -0.9318      -0.932     -0.9319     -0.9312     -0.9292     -0.9246     -0.9155     -0.8992     -0.8722     -0.8303     -0.7684     -0.6802     -0.5593     -0.3989     -0.1933     0.06105      0.3632       0.706       1.074       1.446       1.792

       2.003       1.592       1.155      0.7259      0.3325   -0.009475     -0.2933     -0.5198     -0.6942     -0.8244     -0.9183     -0.9838      -1.028      -1.056      -1.073      -1.082      -1.087      -1.089       -1.09       -1.09       -1.09      -1.089      -1.087      -1.083      -1.073      -1.056      -1.028     -0.9844     -0.9189      -0.825     -0.6948     -0.5203     -0.2937   -0.009761      0.3323       0.726       1.155       1.592       2.004

        2.23       1.744       1.233      0.7372      0.2887    -0.09484     -0.4082     -0.6543     -0.8411     -0.9785      -1.076      -1.144      -1.188      -1.216      -1.233      -1.242      -1.247      -1.249      -1.249      -1.249      -1.249      -1.249      -1.247      -1.243      -1.234      -1.217      -1.189      -1.144      -1.077     -0.9791     -0.8417     -0.6548     -0.4086    -0.09512      0.2886      0.7372       1.233       1.745       2.231

       2.474       1.904       1.307      0.7367      0.2288     -0.1978     -0.5399     -0.8038      -1.001      -1.143      -1.242       -1.31      -1.353       -1.38      -1.396      -1.404      -1.407      -1.409      -1.409      -1.409      -1.409      -1.409      -1.408      -1.404      -1.396      -1.381      -1.354       -1.31      -1.243      -1.143      -1.001     -0.8043     -0.5403     -0.1981      0.2287      0.7367       1.307       1.904       2.475

       2.739        2.07       1.375      0.7206      0.1487     -0.3219     -0.6913     -0.9702      -1.174      -1.318      -1.417      -1.482      -1.523      -1.548      -1.561      -1.567      -1.569       -1.57      -1.569      -1.569      -1.569       -1.57       -1.57      -1.568      -1.561      -1.548      -1.524      -1.483      -1.417      -1.319      -1.174     -0.9706     -0.6917     -0.3222      0.1486      0.7206       1.375        2.07       2.739

       3.028       2.242       1.433      0.6839     0.04324     -0.4714     -0.8653      -1.156      -1.362      -1.505        -1.6      -1.661      -1.697      -1.718      -1.728      -1.732      -1.732      -1.731       -1.73       -1.73       -1.73      -1.732      -1.733      -1.732      -1.729      -1.719      -1.698      -1.661        -1.6      -1.505      -1.363      -1.156     -0.8657     -0.4716     0.04315      0.6839       1.434       2.243       3.028

       3.346       2.421       1.477        0.62    -0.09367      -0.651      -1.065      -1.362      -1.567      -1.704      -1.792      -1.846      -1.876      -1.892      -1.898      -1.898      -1.896      -1.894      -1.892      -1.891      -1.892      -1.894      -1.896      -1.898      -1.898      -1.892      -1.877      -1.846      -1.792      -1.704      -1.567      -1.362      -1.066     -0.6512    -0.09374      0.6201       1.477       2.421       3.346

       3.701       2.604       1.499      0.5204     -0.2696     -0.8662      -1.295      -1.591      -1.788      -1.915      -1.992      -2.037      -2.059      -2.068      -2.069      -2.065      -2.061      -2.056      -2.053      -2.052      -2.053      -2.056      -2.061      -2.066      -2.069      -2.068      -2.059      -2.037      -1.993      -1.915      -1.789      -1.591      -1.295     -0.8664     -0.2697      0.5204       1.499       2.604       3.702

       4.103        2.79       1.489      0.3737     -0.4939      -1.123      -1.558      -1.845      -2.028      -2.139      -2.201      -2.233      -2.245      -2.246      -2.241      -2.233      -2.225      -2.219      -2.214      -2.213      -2.214      -2.219      -2.225      -2.233      -2.241      -2.247      -2.246      -2.234      -2.202      -2.139      -2.028      -1.845      -1.558      -1.124     -0.4939      0.3737        1.49        2.79       4.103

       4.563       2.972       1.434       0.165     -0.7775       -1.43      -1.857      -2.125      -2.285      -2.375      -2.419      -2.435      -2.435      -2.427      -2.414      -2.401       -2.39      -2.381      -2.375      -2.373      -2.375      -2.381       -2.39      -2.402      -2.414      -2.427      -2.435      -2.435      -2.419      -2.375      -2.286      -2.126      -1.857       -1.43     -0.7775      0.1651       1.434       2.972       4.563

       5.099       3.141       1.311     -0.1251      -1.134      -1.792      -2.197      -2.433      -2.561      -2.622      -2.643      -2.641      -2.627      -2.608      -2.588      -2.569      -2.554      -2.542      -2.535      -2.533      -2.535      -2.542      -2.554      -2.569      -2.588      -2.608      -2.627      -2.641      -2.643      -2.622      -2.561      -2.433      -2.197      -1.792      -1.134      -0.125       1.311       3.141       5.099

       5.732       3.278       1.089     -0.5219      -1.578      -2.217      -2.578      -2.767      -2.853      -2.879      -2.872       -2.85       -2.82       -2.79      -2.761      -2.737      -2.717      -2.703      -2.694      -2.692      -2.694      -2.703      -2.717      -2.737      -2.761       -2.79       -2.82       -2.85      -2.873      -2.879      -2.853      -2.767      -2.578      -2.217      -1.578     -0.5218        1.09       3.278       5.732

        6.49       3.349      0.7237      -1.058      -2.126      -2.711      -3.003      -3.127       -3.16      -3.144      -3.106       -3.06      -3.014      -2.971      -2.934      -2.903      -2.879      -2.862      -2.852      -2.849      -2.852      -2.862      -2.879      -2.903      -2.934      -2.971      -3.014       -3.06      -3.106      -3.144       -3.16      -3.127      -3.003      -2.711      -2.125      -1.057      0.7238       3.349        6.49

       7.403       3.291      0.1471      -1.771      -2.794      -3.279       -3.47       -3.51      -3.478      -3.415      -3.342      -3.271      -3.206       -3.15      -3.104      -3.067      -3.039      -3.019      -3.008      -3.004      -3.008      -3.019      -3.039      -3.067      -3.104       -3.15      -3.206      -3.271      -3.342      -3.415      -3.478       -3.51       -3.47      -3.279      -2.794      -1.771      0.1472       3.291       7.403

       8.499       2.991     -0.7359      -2.709      -3.597       -3.92      -3.974      -3.911      -3.805      -3.688      -3.578       -3.48      -3.396      -3.328      -3.272      -3.229      -3.197      -3.175      -3.162      -3.157      -3.162      -3.175      -3.197      -3.229      -3.272      -3.327      -3.396       -3.48      -3.577      -3.688      -3.804      -3.911      -3.974       -3.92      -3.597      -2.709     -0.7358       2.991       8.499

        9.78       2.246      -2.057      -3.918      -4.541      -4.628      -4.508      -4.323      -4.133      -3.959       -3.81      -3.685      -3.583      -3.501      -3.437      -3.388      -3.352      -3.327      -3.313      -3.308      -3.313      -3.327      -3.352      -3.388      -3.437      -3.501      -3.583      -3.685       -3.81      -3.959      -4.133      -4.323      -4.508      -4.628      -4.541      -3.918      -2.057       2.246        9.78

       11.17      0.6939      -3.989      -5.437      -5.619      -5.387      -5.058      -4.737      -4.457      -4.225      -4.035      -3.884      -3.764       -3.67      -3.598      -3.543      -3.504      -3.477      -3.462      -3.457      -3.462      -3.477      -3.504      -3.543      -3.598       -3.67      -3.764      -3.884      -4.035      -4.224      -4.457      -4.737      -5.057      -5.387      -5.619      -5.437      -3.989      0.6939       11.17

        12.4      -2.308       -6.73      -7.272        -6.8      -6.171      -5.605       -5.14       -4.77      -4.479      -4.251      -4.075      -3.938      -3.833      -3.754      -3.694      -3.652      -3.624      -3.607      -3.602      -3.607      -3.623      -3.652      -3.694      -3.753      -3.833      -3.938      -4.074      -4.251      -4.478      -4.769      -5.139      -5.605      -6.171      -6.799      -7.272       -6.73      -2.308        12.4

       12.67       -7.88      -10.44      -9.361      -8.019       -6.94      -6.127      -5.519      -5.062      -4.717      -4.455      -4.255      -4.104       -3.99      -3.904      -3.841      -3.796      -3.767      -3.749      -3.744      -3.749      -3.766      -3.796      -3.841      -3.904      -3.989      -4.104      -4.255      -4.454      -4.716      -5.062      -5.518      -6.126       -6.94      -8.019      -9.361      -10.44       -7.88       12.67

       10.06      -17.95      -15.06      -11.52      -9.174      -7.641      -6.597       -5.86      -5.326      -4.933      -4.642      -4.423       -4.26      -4.138      -4.048      -3.983      -3.936      -3.906      -3.888      -3.883      -3.888      -3.906      -3.936      -3.982      -4.048      -4.138       -4.26      -4.423      -4.641      -4.933      -5.326      -5.859      -6.597      -7.641      -9.174      -11.52      -15.06      -17.95       10.06

           0      -35.75      -19.85      -13.37      -10.13      -8.221      -6.991       -6.15      -5.555      -5.125       -4.81      -4.578      -4.406      -4.279      -4.186      -4.119      -4.072      -4.041      -4.024      -4.018      -4.024      -4.041      -4.072      -4.119      -4.186      -4.278      -4.405      -4.577       -4.81      -5.124      -5.554      -6.149       -6.99      -8.221      -10.13      -13.37      -19.85      -35.75           0

