
FINAL VORTICITY - in row major format (rows divided by a blank line)

           0   -0.003478   0.0008979     0.01593     0.04038     0.07194      0.1082      0.1472      0.1871      0.2266      0.2645         0.3      0.3324      0.3613      0.3863      0.4071      0.4235      0.4353      0.4424      0.4448      0.4424      0.4353      0.4236      0.4072      0.3865      0.3615      0.3326      0.3002      0.2647      0.2268      0.1873      0.1474      0.1083     0.07198     0.04037      0.0159   0.0008681   -0.003492           0

   -0.003478    0.007788     0.01889     0.03372     0.05334      0.0773      0.1046      0.1339      0.1642      0.1943      0.2236      0.2511      0.2765      0.2991      0.3188      0.3352      0.3482      0.3575      0.3632      0.3651      0.3632      0.3576      0.3483      0.3353       0.319      0.2993      0.2767      0.2513      0.2238      0.1946      0.1644      0.1341      0.1047     0.07739      0.0534     0.03375      0.0189    0.007785   -0.003492

   0.0007733     0.01894     0.03275     0.04626     0.06142     0.07887     0.09844      0.1196      0.1417       0.164      0.1858      0.2066      0.2259      0.2433      0.2585      0.2712      0.2812      0.2885      0.2929      0.2944      0.2929      0.2886      0.2813      0.2713      0.2586      0.2435      0.2261      0.2068       0.186      0.1642      0.1419      0.1198     0.09859     0.07899     0.06153     0.04634     0.03281     0.01895   0.0007402

     0.01554     0.03406      0.0468     0.05725      0.0676     0.07896     0.09171      0.1058      0.1208      0.1364       0.152      0.1671      0.1813      0.1942      0.2056      0.2152      0.2228      0.2283      0.2317      0.2328      0.2317      0.2284      0.2229      0.2153      0.2057      0.1944      0.1814      0.1672      0.1521      0.1366       0.121      0.1059     0.09187     0.07911     0.06774     0.05738     0.04689     0.03409      0.0155

     0.03985     0.05447     0.06323     0.06904     0.07398     0.07935     0.08581     0.09356      0.1025      0.1123      0.1225      0.1328      0.1428       0.152      0.1602      0.1673      0.1729       0.177      0.1795      0.1803      0.1795       0.177       0.173      0.1674      0.1604      0.1521      0.1429       0.133      0.1227      0.1124      0.1026     0.09371     0.08596     0.07951     0.07415     0.06921     0.06337     0.05453     0.03982

     0.07195     0.08015       0.083     0.08294     0.08191     0.08125     0.08176     0.08377     0.08728     0.09208     0.09781      0.1041      0.1105      0.1167      0.1223      0.1273      0.1313      0.1342       0.136      0.1366       0.136      0.1343      0.1313      0.1273      0.1224      0.1168      0.1106      0.1042      0.0979     0.09217     0.08738     0.08388      0.0819     0.08142      0.0821     0.08314     0.08318     0.08026     0.07196

      0.1102      0.1106      0.1064     0.09958     0.09215     0.08541     0.08019     0.07689     0.07556       0.076     0.07786     0.08074     0.08421     0.08791      0.0915     0.09475     0.09745     0.09947      0.1007      0.1011      0.1007      0.0995      0.0975     0.09481     0.09156     0.08796     0.08426     0.08078     0.07789     0.07603      0.0756     0.07696      0.0803     0.08557     0.09236     0.09982      0.1066      0.1108      0.1103

      0.1536      0.1454      0.1332      0.1192      0.1051     0.09219      0.0814     0.07311     0.06736     0.06395     0.06248      0.0625     0.06356     0.06522     0.06715     0.06905     0.07073     0.07202     0.07284     0.07312     0.07285     0.07204     0.07076     0.06908     0.06717     0.06523     0.06355     0.06248     0.06244     0.06391     0.06735     0.07313     0.08147     0.09234      0.1053      0.1195      0.1335      0.1456      0.1537

      0.2012       0.184      0.1635      0.1419      0.1208      0.1017     0.08544     0.07238     0.06255     0.05566     0.05127     0.04885     0.04789      0.0479     0.04849     0.04934     0.05022     0.05095     0.05143      0.0516     0.05144     0.05096     0.05022     0.04934     0.04847     0.04786     0.04782     0.04876     0.05116     0.05555     0.06246     0.07234     0.08548      0.1018       0.121      0.1422      0.1639      0.1844      0.2014

      0.2528      0.2263      0.1972      0.1676      0.1394       0.114     0.09223     0.07453     0.06081     0.05072     0.04371     0.03917      0.0365     0.03515     0.03467     0.03469     0.03494     0.03524     0.03547     0.03555     0.03547     0.03523     0.03492     0.03465     0.03461     0.03506     0.03637     0.03901     0.04352     0.05052     0.06064     0.07442     0.09221      0.1141      0.1396      0.1679      0.1976      0.2268      0.2531

      0.3083      0.2723      0.2341      0.1963      0.1607      0.1288      0.1016     0.07928     0.06178     0.04865     0.03922     0.03279     0.02864     0.02615     0.02478     0.02414     0.02391     0.02388     0.02391     0.02392      0.0239     0.02386     0.02387     0.02407     0.02468       0.026     0.02845     0.03255     0.03896     0.04837     0.06154      0.0791      0.1015      0.1289      0.1609      0.1967      0.2347      0.2729      0.3088

      0.3681      0.3222      0.2746      0.2281      0.1848      0.1462      0.1133     0.08634     0.06509     0.04898     0.03725     0.02906     0.02358     0.02009     0.01799      0.0168     0.01619      0.0159     0.01578     0.01574     0.01576     0.01586     0.01613     0.01671     0.01785     0.01989     0.02333     0.02875      0.0369     0.04862     0.06476     0.08609      0.1132      0.1463       0.185      0.2285      0.2752      0.3228      0.3688

      0.4327      0.3763      0.3188      0.2631      0.2117      0.1661      0.1273     0.09548     0.07038     0.05128     0.03728     0.02739     0.02066     0.01627     0.01352     0.01188     0.01094     0.01045     0.01022     0.01014     0.01019      0.0104     0.01086     0.01175     0.01334     0.01602     0.02035       0.027     0.03685     0.05083     0.06996     0.09516      0.1271      0.1661      0.2119      0.2636      0.3195      0.3771      0.4336

      0.5028      0.4352      0.3671      0.3017      0.2416      0.1885      0.1434      0.1065     0.07737     0.05518     0.03886     0.02727     0.01932     0.01407     0.01072    0.008673    0.007471    0.006804    0.006474    0.006367    0.006446    0.006745     0.00737     0.00852      0.0105     0.01377     0.01894     0.02681     0.03834     0.05464     0.07687      0.1061      0.1432      0.1885      0.2419      0.3023      0.3679      0.4362      0.5038

      0.5793      0.4997      0.4201      0.3442      0.2747      0.2135      0.1617      0.1193     0.08585     0.06037     0.04161     0.02826     0.01907     0.01297     0.00904    0.006607    0.005156    0.004338    0.003924    0.003789    0.003891    0.004266    0.005036    0.006424    0.008781     0.01262     0.01863     0.02772       0.041     0.05973     0.08524      0.1188      0.1614      0.2135       0.275      0.3448      0.4211      0.5008      0.5805

      0.6633      0.5706      0.4786      0.3911      0.3113      0.2413      0.1821      0.1337     0.09561     0.06658      0.0452     0.02997     0.01948     0.01248    0.007965     0.00515     0.00346    0.002498    0.002008    0.001847    0.001969    0.002414     0.00332    0.004937    0.007663     0.01207     0.01896     0.02934     0.04449     0.06583      0.0949      0.1331      0.1817      0.2413      0.3117      0.3919      0.4797       0.572      0.6648

      0.7563      0.6492      0.5434      0.4432       0.352      0.2722      0.2047      0.1498      0.1065     0.07351     0.04925     0.03198     0.02007     0.01212    0.006979    0.003768    0.001834   0.0007288   0.0001635  -2.223e-05   0.0001185   0.0006321    0.001673    0.003524    0.006632     0.01165     0.01947     0.03125     0.04843     0.07264      0.1056      0.1491      0.2043      0.2721      0.3524       0.444      0.5446      0.6508       0.758

      0.8599      0.7368      0.6156      0.5011      0.3972      0.3063      0.2296      0.1672      0.1181     0.08076     0.05329     0.03373     0.02025     0.01125    0.005439    0.001803  -0.0003889   -0.001643   -0.002286   -0.002497   -0.002337   -0.001754  -0.0005729    0.001525    0.005044     0.01072     0.01957      0.0329     0.05234     0.07976      0.1171      0.1664      0.2291      0.3061      0.3975       0.502       0.617      0.7386      0.8619

      0.9763      0.8351      0.6965      0.5658      0.4473      0.3439      0.2567      0.1858        0.13     0.08767     0.05654      0.0344     0.01915    0.008983    0.002417   -0.001687   -0.004159   -0.005573   -0.006297   -0.006535   -0.006355   -0.005698   -0.004368   -0.002003    0.001967    0.008376     0.01837     0.03345     0.05545     0.08651      0.1289      0.1848       0.256      0.3437      0.4477      0.5668      0.6981      0.8373      0.9786

       1.108      0.9464      0.7877      0.6383       0.503      0.3849      0.2855      0.2047      0.1412     0.09309     0.05775     0.03263     0.01537     0.00387   -0.003542   -0.008166    -0.01094    -0.01253    -0.01334    -0.01361    -0.01341    -0.01267    -0.01118   -0.008523   -0.004052    0.003178     0.01447     0.03154     0.05648     0.09174      0.1399      0.2035      0.2846      0.3846      0.5033      0.6393      0.7895      0.9488       1.111

       1.259       1.073       0.891      0.7195      0.5643      0.4289       0.315      0.2226      0.1501      0.0951     0.05481     0.02625    0.006652   -0.006365    -0.01473    -0.01993    -0.02305    -0.02482    -0.02572    -0.02602    -0.02579    -0.02498    -0.02331    -0.02034    -0.01531   -0.007153    0.005629     0.02499     0.05335     0.09351      0.1485      0.2212       0.314      0.4285      0.5646      0.7206      0.8929       1.076       1.262

       1.433       1.218       1.008      0.8104      0.6312      0.4749      0.3435       0.237      0.1536     0.09053     0.04441     0.01179    -0.01051    -0.02527    -0.03471    -0.04055    -0.04402    -0.04598    -0.04697     -0.0473    -0.04705    -0.04615    -0.04431      -0.041    -0.03536    -0.02616    -0.01168     0.01034      0.0427     0.08867      0.1517      0.2353      0.3422      0.4742      0.6313      0.8115        1.01       1.222       1.436

       1.635       1.386       1.142      0.9113      0.7025      0.5205      0.3676      0.2439      0.1473     0.07447     0.02138    -0.01599    -0.04142    -0.05815    -0.06877    -0.07529    -0.07913    -0.08127    -0.08235     -0.0827    -0.08243    -0.08146    -0.07945    -0.07579    -0.06951    -0.05916    -0.04276    -0.01766      0.0194     0.07227      0.1451      0.2418       0.366      0.5195      0.7024      0.9124       1.144        1.39       1.639

       1.873       1.581       1.294       1.022       0.776      0.5616       0.382      0.2371      0.1243     0.03959    -0.02177    -0.06471    -0.09371     -0.1126     -0.1245     -0.1317     -0.1359     -0.1382     -0.1393     -0.1397     -0.1394     -0.1384     -0.1362     -0.1323     -0.1253     -0.1138    -0.09523    -0.06663    -0.02407     0.03701      0.1216      0.2345      0.3799      0.5603      0.7757       1.023       1.296       1.585       1.878

       2.155       1.809       1.466       1.142      0.8475      0.5919      0.3785      0.2071     0.07445    -0.02445    -0.09556     -0.1449     -0.1778     -0.1991     -0.2122       -0.22     -0.2244     -0.2268     -0.2279     -0.2283      -0.228      -0.227     -0.2248     -0.2206     -0.2131     -0.2003     -0.1795     -0.1471    -0.09821    -0.02746     0.07125       0.204      0.3758      0.5901      0.8468       1.142       1.469       1.813       2.161

       2.492       2.075        1.66       1.266      0.9098      0.6014      0.3452      0.1409    -0.01579     -0.1315     -0.2139     -0.2702     -0.3073     -0.3308      -0.345     -0.3532     -0.3576     -0.3599     -0.3609     -0.3612      -0.361     -0.3601      -0.358     -0.3538     -0.3459     -0.3322     -0.3092     -0.2727     -0.2169      -0.135    -0.01954      0.1372      0.3419      0.5989      0.9087       1.267       1.662        2.08       2.498

       2.897       2.386       1.874       1.389      0.9519      0.5755      0.2657     0.02117     -0.1642     -0.2993     -0.3939     -0.4576     -0.4986     -0.5239     -0.5387     -0.5468     -0.5509     -0.5528     -0.5536     -0.5538     -0.5537     -0.5531     -0.5513     -0.5474     -0.5397     -0.5254     -0.5007     -0.4603     -0.3973     -0.3032     -0.1685     0.01682      0.2618      0.5725      0.9503        1.39       1.877       2.391       2.904

       3.386       2.749       2.108       1.501      0.9574      0.4944      0.1182     -0.1744     -0.3926     -0.5487     -0.6558     -0.7262     -0.7702     -0.7963     -0.8107      -0.818     -0.8212     -0.8223     -0.8226     -0.8226     -0.8227     -0.8225     -0.8216     -0.8186     -0.8117     -0.7978     -0.7724     -0.7291     -0.6594      -0.553     -0.3974     -0.1794      0.1136      0.4907      0.9552       1.501        2.11       2.754       3.394

       3.981       3.171       2.354       1.584      0.9022      0.3306     -0.1253     -0.4727     -0.7261      -0.903      -1.021      -1.096      -1.141      -1.166      -1.178      -1.184      -1.185      -1.185      -1.184      -1.184      -1.184      -1.185      -1.185      -1.184      -1.179      -1.167      -1.143      -1.099      -1.025     -0.9075     -0.7312     -0.4781     -0.1304      0.3264      0.8995       1.583       2.356       3.176       3.989

       4.707       3.657       2.598       1.611      0.7518     0.04817      -0.499     -0.9045      -1.191      -1.385       -1.51      -1.585      -1.627      -1.648      -1.656      -1.657      -1.655      -1.653      -1.651       -1.65      -1.651      -1.653      -1.656      -1.658      -1.657      -1.649      -1.629      -1.588      -1.513       -1.39      -1.197     -0.9101     -0.5044     0.04359      0.7489        1.61         2.6       3.663       4.715

       5.601       4.212       2.815       1.537      0.4568     -0.4002      -1.044      -1.503      -1.815      -2.016      -2.138      -2.206      -2.239      -2.251      -2.252      -2.247       -2.24      -2.234       -2.23      -2.229       -2.23      -2.234       -2.24      -2.247      -2.252      -2.252      -2.241      -2.208      -2.141       -2.02       -1.82      -1.508      -1.049     -0.4049      0.4537       1.536       2.817       4.217       5.609

       6.718       4.829       2.954       1.293     -0.0548      -1.076      -1.805        -2.3      -2.617      -2.808      -2.912      -2.962      -2.978      -2.975      -2.964      -2.949      -2.936      -2.925      -2.918      -2.916      -2.918      -2.925      -2.936      -2.949      -2.964      -2.976      -2.979      -2.964      -2.915      -2.812      -2.622      -2.305       -1.81       -1.08    -0.05778       1.292       2.955       4.834       6.725

       8.144       5.482       2.916       0.759     -0.8878      -2.056      -2.835      -3.324       -3.61      -3.761      -3.828      -3.843      -3.831      -3.806      -3.777       -3.75      -3.728      -3.711        -3.7      -3.697        -3.7       -3.71      -3.727       -3.75      -3.777      -3.806      -3.832      -3.845       -3.83      -3.764      -3.614      -3.328      -2.839      -2.059     -0.8903      0.7583       2.918       5.486        8.15

       10.02       6.083       2.506     -0.2639      -2.193      -3.434      -4.178      -4.589      -4.788       -4.86       -4.86      -4.823      -4.771      -4.716      -4.664      -4.621      -4.586      -4.562      -4.547      -4.542      -4.547      -4.562      -4.586       -4.62      -4.664      -4.715      -4.771      -4.824      -4.862      -4.862      -4.791      -4.592      -4.181      -3.436      -2.194     -0.2642       2.507       6.086       10.02

       12.55       6.364       1.318      -2.106      -4.174      -5.309      -5.866      -6.086      -6.123      -6.066      -5.968      -5.859      -5.754       -5.66      -5.581      -5.518       -5.47      -5.437      -5.417      -5.411      -5.417      -5.436       -5.47      -5.517      -5.581      -5.659      -5.753      -5.859      -5.969      -6.067      -6.124      -6.088      -5.867       -5.31      -4.174      -2.106       1.319       6.366       12.55

       15.96       5.534      -1.466      -5.281      -7.069      -7.751      -7.883      -7.766      -7.551      -7.315       -7.09      -6.891      -6.723      -6.585      -6.476      -6.391      -6.328      -6.285       -6.26      -6.251      -6.259      -6.284      -6.327       -6.39      -6.474      -6.584      -6.722       -6.89      -7.089      -7.314      -7.551      -7.765      -7.883      -7.751      -7.069       -5.28      -1.465       5.536       15.96

       19.97       1.294      -7.413      -10.46      -11.05      -10.72      -10.12      -9.514      -8.971      -8.517      -8.146      -7.849      -7.615      -7.431      -7.289      -7.182      -7.104      -7.051       -7.02       -7.01       -7.02      -7.051      -7.103      -7.181      -7.288      -7.429      -7.613      -7.847      -8.144      -8.514      -8.969      -9.512      -10.12      -10.72      -11.04      -10.46      -7.411       1.296       19.97

       21.05      -12.91         -19      -18.08      -15.91      -13.91      -12.34      -11.14      -10.24      -9.566      -9.052      -8.662      -8.364      -8.138      -7.967      -7.839      -7.747      -7.685      -7.649      -7.637      -7.649      -7.684      -7.746      -7.838      -7.965      -8.136      -8.362      -8.659      -9.049      -9.563      -10.24      -11.14      -12.34      -13.91      -15.91      -18.08         -19       -12.9       21.05

           0      -54.95       -37.6      -26.93      -20.57      -16.65      -14.12      -12.41      -11.21      -10.36      -9.731      -9.267       -8.92       -8.66      -8.465      -8.321      -8.217      -8.148      -8.107      -8.094      -8.107      -8.147      -8.217       -8.32      -8.464      -8.658      -8.918      -9.264      -9.728      -10.35      -11.21      -12.41      -14.11      -16.65      -20.56      -26.92       -37.6      -54.95           0

