

FINAL STREAMFUNCTION - in row major format (rows divided by a blank line)
           0           0           0           0           0           0           0           0           0           0           0           0           0           0           0           0           0           0           0           0

           0  -2.296e-06  -4.535e-06  -6.645e-06  -8.566e-06  -1.025e-05  -1.165e-05  -1.272e-05  -1.346e-05  -1.383e-05  -1.383e-05  -1.346e-05  -1.272e-05  -1.165e-05  -1.025e-05  -8.566e-06  -6.645e-06  -4.535e-06  -2.296e-06           0

           0  -4.667e-06  -9.216e-06   -1.35e-05   -1.74e-05  -2.082e-05  -2.365e-05  -2.584e-05  -2.733e-05  -2.808e-05  -2.808e-05  -2.733e-05  -2.584e-05  -2.365e-05  -2.082e-05   -1.74e-05   -1.35e-05  -9.217e-06  -4.667e-06           0

           0  -7.172e-06  -1.416e-05  -2.074e-05  -2.673e-05  -3.196e-05  -3.631e-05  -3.966e-05  -4.193e-05  -4.308e-05  -4.308e-05  -4.193e-05  -3.966e-05  -3.631e-05  -3.196e-05  -2.673e-05  -2.074e-05  -1.416e-05  -7.173e-06           0

           0  -9.886e-06  -1.952e-05  -2.858e-05  -3.681e-05    -4.4e-05  -4.996e-05  -5.455e-05  -5.766e-05  -5.924e-05  -5.924e-05  -5.766e-05  -5.455e-05  -4.996e-05    -4.4e-05  -3.681e-05  -2.858e-05  -1.952e-05  -9.887e-06           0

           0  -1.289e-05  -2.544e-05  -3.723e-05  -4.794e-05  -5.726e-05  -6.498e-05  -7.091e-05  -7.493e-05  -7.697e-05  -7.697e-05  -7.493e-05  -7.091e-05  -6.498e-05  -5.726e-05  -4.794e-05  -3.724e-05  -2.544e-05  -1.289e-05           0

           0  -1.629e-05  -3.213e-05  -4.698e-05  -6.044e-05  -7.213e-05  -8.178e-05  -8.919e-05   -9.42e-05  -9.672e-05  -9.672e-05   -9.42e-05  -8.919e-05  -8.178e-05  -7.213e-05  -6.044e-05  -4.699e-05  -3.213e-05  -1.629e-05           0

           0  -2.019e-05  -3.979e-05  -5.814e-05   -7.47e-05  -8.904e-05  -0.0001008  -0.0001099  -0.0001159   -0.000119   -0.000119  -0.0001159  -0.0001099  -0.0001008  -8.904e-05   -7.47e-05  -5.814e-05   -3.98e-05  -2.019e-05           0

           0  -2.474e-05  -4.872e-05  -7.109e-05  -9.118e-05  -0.0001085  -0.0001227  -0.0001335  -0.0001407  -0.0001444  -0.0001444  -0.0001407  -0.0001335  -0.0001227  -0.0001085  -9.118e-05  -7.109e-05  -4.873e-05  -2.474e-05           0

           0  -3.013e-05  -5.927e-05   -8.63e-05  -0.0001104  -0.0001311  -0.0001479  -0.0001606  -0.0001691  -0.0001734  -0.0001734  -0.0001691  -0.0001606  -0.0001479  -0.0001311  -0.0001104  -8.631e-05  -5.928e-05  -3.014e-05           0

           0  -3.664e-05  -7.192e-05  -0.0001044  -0.0001332  -0.0001575  -0.0001772  -0.0001919  -0.0002017  -0.0002066  -0.0002066  -0.0002017  -0.0001919  -0.0001772  -0.0001576  -0.0001332  -0.0001044  -7.193e-05  -3.664e-05           0

           0  -4.463e-05  -8.735e-05  -0.0001263  -0.0001603  -0.0001887  -0.0002114  -0.0002282  -0.0002393  -0.0002448  -0.0002448  -0.0002393  -0.0002282  -0.0002114  -0.0001887  -0.0001603  -0.0001263  -8.736e-05  -4.464e-05           0

           0  -5.469e-05  -0.0001066  -0.0001531   -0.000193  -0.0002257  -0.0002513  -0.0002701  -0.0002824  -0.0002885  -0.0002885  -0.0002824  -0.0002701  -0.0002514  -0.0002258   -0.000193  -0.0001531  -0.0001066   -5.47e-05           0

           0  -6.777e-05  -0.0001311  -0.0001866  -0.0002329  -0.0002699  -0.0002982  -0.0003186  -0.0003317  -0.0003382  -0.0003382  -0.0003317  -0.0003186  -0.0002982  -0.0002699  -0.0002329  -0.0001866  -0.0001311  -6.779e-05           0

           0  -8.555e-05  -0.0001635  -0.0002292   -0.000282  -0.0003227   -0.000353  -0.0003743  -0.0003878  -0.0003944  -0.0003944  -0.0003878  -0.0003743   -0.000353  -0.0003227   -0.000282  -0.0002293  -0.0001635  -8.558e-05           0

           0  -0.0001113   -0.000208  -0.0002849  -0.0003431   -0.000386  -0.0004167  -0.0004377  -0.0004508  -0.0004571  -0.0004571  -0.0004508  -0.0004377  -0.0004167   -0.000386  -0.0003432  -0.0002849  -0.0002081  -0.0001113           0

           0  -0.0001519  -0.0002724  -0.0003592  -0.0004197  -0.0004615  -0.0004901   -0.000509  -0.0005206  -0.0005261  -0.0005262  -0.0005206  -0.0005091  -0.0004901  -0.0004615  -0.0004197  -0.0003593  -0.0002725  -0.0001521           0

           0  -0.0002246  -0.0003706  -0.0004597  -0.0005149  -0.0005502  -0.0005731  -0.0005878  -0.0005966  -0.0006007  -0.0006007  -0.0005966  -0.0005878  -0.0005731  -0.0005502   -0.000515  -0.0004598  -0.0003708  -0.0002249           0

           0  -0.0003755  -0.0005242  -0.0005926  -0.0006288  -0.0006499  -0.0006629   -0.000671  -0.0006758   -0.000678   -0.000678  -0.0006758   -0.000671  -0.0006629  -0.0006499  -0.0006288  -0.0005927  -0.0005245  -0.0003763           0

           0           0           0           0           0           0           0           0           0           0           0           0           0           0           0           0           0           0           0           0

