
FINAL VORTICITY - in row major format (rows divided by a blank line)
           0   0.0008374    0.001651    0.002417    0.003115    0.003726    0.004234    0.004626    0.004892    0.005027    0.005027    0.004892    0.004626    0.004234    0.003726    0.003115    0.002417    0.001651   0.0008375           0

   0.0008374   6.046e-06   5.981e-06   8.748e-06   1.128e-05   1.349e-05   1.533e-05   1.675e-05   1.772e-05   1.821e-05   1.821e-05   1.773e-05   1.676e-05   1.535e-05   1.351e-05    1.13e-05   8.767e-06   5.991e-06   6.068e-06   0.0008375

    0.001699   6.155e-06   4.382e-08   3.156e-08   4.139e-08   4.808e-08   5.536e-08   6.082e-08   6.454e-08   6.539e-08   6.559e-08   6.403e-08    6.09e-08   5.458e-08   4.816e-08   4.058e-08   3.163e-08   2.113e-08   6.155e-06    0.001699

    0.002609   9.441e-06   3.382e-08   2.339e-10  -1.202e-10   1.494e-09   7.858e-10   8.801e-10   5.963e-10   6.031e-10   2.179e-10   6.248e-10  -2.664e-11   6.936e-10   2.681e-10  -1.676e-10   -9.83e-10  -3.311e-10   9.442e-06    0.002609

    0.003596   1.301e-05   4.724e-08   2.178e-10   8.578e-10   4.545e-11   8.542e-10   4.734e-11  -2.275e-10  -2.685e-10  -2.258e-10  -8.247e-10  -1.535e-10  -3.213e-10  -1.265e-10  -5.113e-10   3.192e-12  -8.032e-10   1.301e-05    0.003596

    0.004688   1.697e-05   6.131e-08   5.119e-10   2.877e-10   1.078e-09   6.352e-11   4.499e-10   3.186e-10   5.339e-11  -1.554e-11  -2.673e-11  -2.939e-10  -2.963e-10  -2.016e-10    1.18e-10  -9.441e-10  -1.412e-10   1.697e-05    0.004688

    0.005921   2.144e-05   7.754e-08   4.317e-10    6.49e-10   5.167e-10   6.938e-10   5.824e-10   2.479e-10  -1.548e-10  -6.291e-10   1.704e-10  -1.733e-11   -1.09e-10   1.609e-10  -5.312e-10   6.016e-11  -9.387e-10   2.144e-05    0.005922

    0.007339   2.657e-05   9.651e-08   1.402e-09   2.694e-10   1.555e-10    9.85e-10  -2.969e-10  -2.948e-10  -2.849e-10   2.917e-10  -1.121e-09  -3.767e-10   3.923e-10  -5.937e-10     6.7e-11   1.506e-10   3.243e-10   2.657e-05    0.007339

    0.008993   3.256e-05   1.184e-07   1.042e-10   4.425e-10   4.296e-10  -5.376e-11   5.576e-10  -8.477e-11  -1.938e-10  -1.181e-09   5.344e-10   -2.64e-10  -1.358e-10   8.578e-11  -1.529e-10  -2.989e-10   8.745e-12   3.256e-05    0.008993

     0.01095   3.966e-05   1.438e-07     6.1e-10  -3.644e-10  -2.897e-11  -3.845e-10   -7.52e-11   4.818e-10  -2.827e-10   7.653e-10   -5.04e-10   5.025e-10  -8.613e-10  -9.491e-11  -3.258e-10  -2.957e-10   4.165e-10   3.966e-05     0.01095

     0.01332   4.821e-05   1.742e-07   6.512e-10   3.332e-10  -9.969e-11  -3.498e-11   1.514e-10  -7.469e-10   1.015e-09  -3.125e-11   2.407e-10  -4.284e-10   4.433e-10  -3.211e-11   2.882e-10   4.078e-10  -5.697e-10   4.822e-05     0.01332

     0.01622   5.873e-05   2.125e-07   1.154e-09  -6.393e-10  -4.855e-10  -1.144e-10  -9.166e-10    4.04e-10  -8.251e-10   1.611e-10  -2.151e-10  -9.035e-11  -3.594e-11  -1.421e-10  -4.432e-11   3.571e-10   4.203e-10   5.873e-05     0.01622

     0.01987   7.195e-05   2.605e-07  -4.546e-10  -4.762e-10  -3.812e-10  -5.507e-10   2.036e-10   1.762e-10   1.004e-09   4.221e-10    9.98e-10   2.864e-10    4.59e-11   3.646e-10  -2.791e-10  -4.939e-10  -4.135e-11   7.197e-05     0.01988

     0.02462   8.915e-05   3.221e-07   1.037e-09  -5.183e-10  -5.743e-10  -1.426e-10    4.55e-10   6.925e-11  -3.173e-10   1.643e-10   1.514e-10   1.045e-09   6.609e-10  -2.159e-10   6.531e-10  -4.014e-11   1.791e-10   8.917e-05     0.02463

     0.03108   0.0001125   4.075e-07   1.494e-09  -8.489e-11  -2.772e-10  -2.709e-10  -8.873e-10   -2.93e-10   1.756e-10   2.391e-10   4.991e-11  -1.367e-10   8.386e-11   1.003e-09    7.98e-11   1.246e-09   1.767e-10   0.0001126     0.03109

     0.04041   0.0001463   5.299e-07   2.213e-09  -1.459e-10  -7.788e-11  -9.169e-10  -4.186e-10   -6.01e-10  -6.215e-10  -6.605e-10  -7.778e-12  -2.169e-10   2.619e-10   8.936e-11   1.217e-09   3.433e-10   1.204e-09   0.0001464     0.04043

     0.05516   0.0001997   7.228e-07   2.113e-09  -5.058e-11   -1.05e-09  -9.698e-11  -6.291e-10  -3.949e-11   3.751e-10   7.631e-10  -6.062e-11     2.7e-10  -6.637e-12   1.834e-10  -1.549e-11   5.928e-10   1.632e-10   0.0001998      0.0552

     0.08149  -0.0002003  -0.0004977  -0.0004988  -0.0004988  -0.0004988  -0.0004988  -0.0004988  -0.0004988  -0.0004988  -0.0004988  -0.0004988  -0.0004988  -0.0004988  -0.0004988  -0.0004988  -0.0004988  -0.0004988  -0.0002035     0.08159

      0.1365     -0.2719     -0.2737     -0.2736     -0.2735     -0.2735     -0.2735     -0.2735     -0.2735     -0.2735     -0.2735     -0.2735     -0.2735     -0.2735     -0.2735     -0.2735     -0.2736     -0.2737     -0.2729      0.1368

           0      -37.86      -37.81      -37.78      -37.77      -37.76      -37.76      -37.76      -37.75      -37.75      -37.75      -37.75      -37.76      -37.76      -37.76      -37.77      -37.78      -37.81      -37.86           0

